266 151
266 151
268 151
283 155
284 158
284 158
284 158
284 158
284 158
284 158
284 158
284 161
284 165
284 167
284 171
284 171
284 171
284 171
284 171
284 171
284 171
284 171
284 168
284 167
284 166
284 166
285 164
286 159
286 156
286 155
286 155
286 155
291 155
295 155
296 155
297 155
297 155
297 155
297 159
295 164
290 171
289 174
289 174
289 174
289 177
290 179
291 179
292 179
292 179
292 179
292 179
292 179
293 180
294 180
295 182
295 184
296 185
296 185
296 185
296 185
296 185
296 185
296 185
296 185
296 185
296 185
295 185
295 185
295 185
295 185
295 185
295 185
295 185
295 185
295 185
295 185
295 185
295 185
295 185
295 185
296 179
298 169
298 159
298 158
296 158
296 158
296 158
296 158
296 158
297 158
297 158
297 158
297 158
297 158
297 158
298 158
299 158
300 158
301 158
301 157
301 157
301 156
301 156
301 156
301 156
301 156
301 156
301 156
301 156
301 156
301 156
300 156
295 155
292 155
290 155
290 155
278 156
278 156
278 156
278 156
278 156
278 156
278 156
278 156
278 156
278 156
278 156
278 156
278 156
286 155
286 155
286 155
286 155
286 155
286 155
286 155
286 155
289 165
289 165
290 165
290 165
290 165
290 165
290 165
290 165
290 165
290 165
290 165
290 165
290 165
290 165
291 165
322 112
324 108
324 108
317 108
316 108
316 108
316 108
316 108
316 108
316 108
316 108
316 108
316 108
316 108
316 108
316 108
316 108
316 108
313 134
313 134
313 134
314 134
316 133
316 133
316 131
316 131
314 130
314 130
313 130
313 130
313 130
313 130
313 130
313 130
313 130
313 130
313 126
313 126
313 125
313 124
313 124
324 113
324 112
324 112
324 112
317 114
316 115
316 115
316 115
316 115
316 115
313 115
313 115
313 115
313 115
313 115
313 115
313 115
313 115
313 115
313 115
313 115
313 115
313 115
288 155
284 157
282 159
282 159
282 159
293 159
293 159
293 159
293 159
293 159
293 156
293 155
289 153
289 153
289 153
289 153
289 153
289 153
289 153
294 153
294 153
294 152
295 152
295 152
295 152
295 152
295 152
294 152
293 153
293 153
293 153
293 153
293 153
293 153
293 153
293 153
293 153
293 153
293 153
293 153
293 153
294 153
294 153
294 153
294 153
294 153
294 153
294 153
294 153
294 153
294 153
294 153
294 153
291 153
291 153
290 153
290 153
290 153
290 153
290 153
290 153
290 153
288 153
288 153
288 153
288 153
288 153
288 153
288 153
288 153
297 148
297 147
297 147
297 147
297 147
297 147
297 147
297 147
297 147
297 147
297 147
297 147
297 147
297 147
297 147
297 151
297 151
297 151
297 151
297 151
297 151
297 151
297 151
297 151
290 173
292 180
294 194
294 194
294 194
294 194
303 191
303 191
303 191
303 191
303 191
303 191
303 191
303 191
303 191
303 191
298 193
298 193
298 194
298 194
298 194
298 194
298 194
298 194
298 194
298 195
298 196
329 346
324 340
325 331
325 326
325 323
325 321
325 319
324 315
324 313
324 313
324 313
324 313
324 313
324 313
324 313
324 313
324 313
324 312
324 311
324 311
324 311
335 316
348 321
348 321
348 321
348 321
348 321
348 321
348 321
348 321
348 321
348 321
348 321
348 321
348 321
348 321
348 321
348 321
348 321
348 321
348 321
349 321
349 321
349 321
349 321
349 321
349 321
349 321
349 321
349 321
349 321
349 321
349 321
349 321
350 321
351 321
351 321
351 321
351 321
351 321
351 321
351 321
351 321
351 321
351 321
351 321
351 321
351 321
351 321
351 321
351 321
351 321
351 321
351 321
351 321
351 321
351 321
351 321
351 321
351 321
351 321
351 321
352 321
352 320
352 320
352 320
352 320
352 320
352 320
352 311
352 305
356 309
358 319
363 319
374 323
374 323
374 323
375 323
375 323
375 323
375 323
376 323
376 323
376 323
376 323
376 323
376 323
376 323
372 323
371 323
367 323
367 323
366 323
366 323
366 323
366 323
363 323
360 323
357 323
357 323
357 323
354 322
354 322
354 322
354 322
354 322
354 322
354 322
354 322
354 322
354 322
351 322
346 319
341 316
334 304
330 290
328 275
326 256
322 237
315 210
312 198
263 131
235 132
241 135
249 136
249 136
249 136
249 136
249 136
249 136
249 136
249 136
249 136
249 136
267 147
267 147
267 144
267 142
269 132
269 132
269 132
269 132
269 132
269 126
269 126
269 126
269 126
269 126
269 126
269 126
269 126
269 126
269 126
269 126
269 126
269 124
262 122
262 122
261 122
261 122
261 122
261 122
261 122
261 122
261 122
261 122
261 123
261 125
338 165
357 168
357 168
357 168
357 168
357 168
357 168
357 168
357 168
357 168
357 168
357 168
357 168
357 168
357 168
357 168
357 168
357 168
357 168
357 168
357 168
357 168
357 168
357 168
357 168
357 168
357 168
357 168
357 168
357 168
357 168
357 168
357 168
357 162
357 161
357 161
357 161
357 161
357 161
357 161
357 161
357 161
357 161
357 161
357 161
357 161
357 161
356 161
356 161
354 161
352 161
351 161
346 161
344 161
343 160
343 160
343 160
343 160
343 160
343 160
277 143
277 142
276 137
276 137
276 137
276 137
276 137
276 137
276 137
276 137
276 137
276 137
276 137
276 137
276 137
276 137
276 137
276 137
276 137
275 137
273 136
271 135
263 139
263 140
263 140
263 140
263 140
263 140
263 140
263 140
263 140
263 140
266 144
267 144
267 144
267 144
267 144
267 144
267 144
267 144
267 144
267 144
267 144
267 144
267 144
268 145
269 145
270 146
272 147
272 147
273 148
277 150
279 149
279 146
281 135
281 134
281 134
281 134
281 134
281 134
281 134
281 134
281 134
281 134
281 134
281 134
281 134
282 134
282 134
263 122
263 122
263 122
263 122
263 122
263 122
263 122
263 122
263 122
263 122
263 122
262 122
261 123
260 125
259 126
259 127
259 128
259 128
259 128
259 128
259 128
259 128
259 128
259 128
259 128
259 129
259 131
259 134
259 137
259 141
259 142
259 143
259 144
259 144
259 144
266 142
275 137
281 137
281 137
281 137
281 137
281 137
281 137
281 137
281 137
281 137
281 137
286 138
291 138
293 139
294 139
294 139
294 139
293 140
292 140
292 140
292 140
292 140
292 140
292 140
292 140
292 140
292 140
292 140
292 140
292 140
292 140
292 140
292 140
292 140
292 140
292 140
292 140
292 140
301 140
302 140
313 142
313 142
313 142
313 142
313 142
313 142
313 142
313 142
313 142
313 142
313 142
277 146
277 146
280 146
289 143
289 143
289 143
289 143
289 143
289 143
289 143
289 143
289 143
289 143
289 143
289 143
289 143
289 143
289 143
289 143
289 143
289 143
289 143
289 145
289 147
290 152
294 156
360 159
366 159
365 159
345 159
329 160
328 160
328 160
307 165
294 172
295 181
300 201
309 210
339 222
363 243
365 278
363 295
350 296
336 298
330 306
316 319
305 327
291 336
281 337
276 337
276 337
287 337
287 337
287 337
287 337
286 337
286 337
286 337
286 337
286 337
286 337
286 337
286 337
286 337
286 337
286 337
286 337
223 229
223 229
223 229
223 229
223 229
223 229
223 227
223 223
223 223
223 223
223 223
223 223
223 223
223 223
223 223
223 222
263 135
267 128
272 139
272 139
272 139
272 139
272 139
272 139
272 139
272 139
271 144
271 150
272 163
263 204
249 204
255 185
255 185
255 185
255 185
255 185
255 183
255 181
254 179
254 177
254 173
255 170
258 167
259 167
261 166
310 176
316 163
318 160
318 160
318 157
318 157
318 157
317 156
308 155
308 155
308 154
300 148
293 147
287 134
280 126
280 123
269 86
267 83
302 105
296 87
293 83
293 82
293 86
293 89
293 89
293 89
293 89
293 89
293 89
293 89
293 89
291 89
290 89
290 89
289 100
292 111
292 112
301 136
317 156
326 169
329 169
331 169
331 169
331 169
331 169
331 162
331 162
331 162
331 162
331 162
331 162
331 162
331 162
331 162
331 162
331 162
316 150
288 139
287 142
281 142
281 143
281 143
281 143
281 143
281 143
281 143
281 143
281 143
281 143
281 143
281 143
278 143
277 143
269 142
282 141
282 141
282 141
282 141
282 141
282 141
282 141
282 141
282 141
282 141
282 141
279 139
277 138
273 137
273 137
273 137
273 137
273 137
273 137
273 137
273 137
273 137
273 137
272 137
267 137
265 137
261 137
260 137
260 137
260 137
260 137
274 138
274 138
274 138
274 138
274 138
274 138
274 138
274 138
274 138
274 138
274 138
273 138
273 139
273 139
272 139
272 140
272 140
272 140
272 140
272 140
272 140
272 140
272 140
271 141
270 142
270 142
270 142
269 142
269 143
269 143
269 143
269 143
269 143
269 143
269 143
269 143
269 143
269 143
268 148
268 153
268 155
268 156
268 156
268 156
268 156
268 158
266 166
265 168
263 170
263 171
263 171
263 171
317 218
326 220
313 187
313 187
313 185
313 185
313 185
313 184
314 181
314 179
314 174
314 171
314 170
314 169
314 169
314 169
320 170
325 173
329 177
330 179
330 179
330 179
330 179
330 179
330 179
330 179
330 179
330 179
330 182
328 187
326 190
324 192
324 193
324 193
321 193
316 191
310 189
302 189
298 189
290 192
296 178
301 171
310 164
310 164
310 164
310 164
310 164
310 164
310 164
310 164
310 164
310 164
310 164
312 163
314 163
314 163
314 163
314 163
314 163
314 162
314 162
314 162
314 162
314 162
314 162
314 162
308 168
283 201
258 228
256 228
256 228
255 228
255 228
255 228
255 228
255 228
255 228
255 228
255 228
363 292
394 244
394 239
396 233
340 202
341 202
354 204
359 204
364 204
368 204
368 204
368 204
368 204
368 204
364 204
354 205
330 209
323 212
375 240
404 246
406 246
396 243
370 240
338 240
306 203
316 196
314 196
301 194
301 192
344 195
344 195
344 195
341 192
341 192
341 192
341 192
341 192
341 192
341 192
341 192
341 192
341 192
341 192
341 192
338 191
333 187
332 186
332 185
332 185
332 185
332 185
331 186
327 189
327 189
327 189
334 194
347 200
351 201
352 201
352 201
352 201
352 201
352 201
352 201
352 201
352 201
352 201
352 201
352 201
354 203
355 206
355 208
355 210
355 211
