196 161
196 161
196 161
196 161
196 161
201 158
201 158
204 157
205 157
207 156
209 154
209 154
209 154
211 153
211 153
211 153
209 153
205 154
200 156
199 156
199 156
198 157
195 160
195 160
192 162
185 173
180 176
168 175
166 169
166 162
168 157
168 157
165 161
165 161
165 161
169 161
171 161
172 161
173 161
174 161
174 161
174 161
174 161
174 161
178 155
179 154
179 154
180 154
182 153
186 150
189 145
192 144
196 141
204 139
212 139
219 144
217 148
215 150
215 150
215 150
215 150
215 150
216 150
216 150
216 150
214 148
213 148
213 148
213 147
213 147
213 147
213 147
214 146
214 146
214 146
217 146
217 146
215 146
215 146
212 148
211 150
211 150
211 150
211 150
211 148
212 147
212 146
213 143
215 136
216 133
217 130
219 128
219 127
219 127
219 128
219 128
219 129
219 129
219 131
219 132
219 132
219 132
219 132
219 132
219 132
219 132
219 132
219 132
220 131
220 131
220 130
220 130
219 130
217 131
217 131
217 131
217 131
217 131
217 131
217 131
217 130
217 130
217 130
217 130
217 129
217 128
217 128
217 128
217 128
217 128
216 128
215 128
213 128
210 116
210 116
209 116
209 121
208 128
208 128
208 128
208 128
208 128
208 128
208 128
207 126
206 125
206 125
206 125
206 125
206 125
206 125
206 125
206 125
206 130
206 131
206 131
206 131
206 131
206 128
204 128
198 132
194 133
188 133
184 135
183 136
182 136
180 137
166 141
164 141
164 141
164 141
164 141
160 139
156 138
149 137
149 137
149 137
151 130
151 130
151 130
151 130
152 130
153 130
153 130
154 130
154 130
154 130
153 131
152 131
152 132
152 132
152 132
152 132
152 132
152 132
152 132
152 132
152 132
152 132
152 132
151 135
151 135
151 135
151 135
151 135
151 135
151 135
167 132
180 128
180 128
177 129
176 130
184 137
184 138
195 141
202 145
206 147
212 149
218 151
227 154
228 155
228 155
236 155
237 155
242 156
246 156
247 156
247 156
247 156
247 156
258 153
251 153
247 153
238 149
234 144
229 132
229 132
230 124
230 124
230 119
230 113
229 113
229 113
229 113
229 113
230 123
230 123
230 123
230 123
230 123
230 123
230 122
229 122
226 122
225 122
224 121
222 119
222 119
219 121
219 122
219 122
221 123
222 123
222 123
222 123
220 122
219 119
208 104
208 104
204 100
203 99
203 99
202 98
201 99
197 104
196 104
195 104
195 104
194 99
193 97
193 97
193 97
190 97
190 97
188 97
188 97
188 97
188 97
190 100
190 100
190 100
190 100
190 100
190 100
190 100
190 100
190 100
193 100
193 100
193 100
193 100
193 100
193 100
197 102
197 102
197 102
197 102
197 102
199 100
199 98
199 94
199 93
199 91
199 90
199 90
199 90
199 89
198 87
194 70
199 89
199 89
199 89
199 90
188 91
186 91
186 91
186 91
185 95
185 95
180 96
178 96
174 96
173 96
173 96
173 96
173 96
173 96
173 96
173 96
173 96
174 96
177 96
179 96
179 96
179 96
179 96
179 96
180 96
181 95
182 95
183 95
184 94
186 94
187 94
187 94
187 94
187 94
187 94
186 94
181 93
179 93
176 94
176 94
176 94
179 104
179 104
179 104
179 104
179 103
179 99
179 99
179 99
179 99
180 99
180 98
180 98
180 98
180 98
180 98
181 98
181 98
181 97
181 95
181 95
181 95
174 95
168 94
168 94
168 94
168 94
168 94
167 94
165 95
165 95
165 95
165 96
165 96
166 96
166 96
169 96
170 95
170 95
170 95
170 95
170 95
170 95
170 95
171 95
172 94
176 92
176 92
178 92
188 92
188 92
188 92
188 92
192 93
196 94
196 94
196 94
196 94
196 94
201 100
202 106
202 109
202 126
203 136
203 144
203 155
202 171
200 178
196 184
198 162
198 157
198 157
195 149
193 149
187 139
186 138
186 138
198 134
198 134
198 134
198 134
198 134
198 134
198 134
198 134
198 134
198 134
198 134
199 134
199 134
199 134
199 134
199 134
199 134
199 134
199 134
200 124
200 124
200 124
200 124
200 124
201 124
201 124
201 124
209 125
209 125
209 125
209 125
209 125
209 125
203 125
200 124
200 124
198 117
197 117
197 117
197 117
197 117
197 117
197 117
195 116
195 116
195 116
195 116
194 116
194 116
194 117
194 117
194 117
194 117
194 117
196 117
197 118
197 118
197 118
197 118
197 118
197 118
197 118
197 118
197 118
197 118
197 118
197 118
197 118
197 115
197 115
198 110
198 110
198 109
194 101
192 96
192 95
200 91
202 90
201 90
197 89
197 89
194 88
189 88
189 88
189 88
189 88
189 88
188 89
187 92
185 93
185 93
185 93
184 94
184 95
184 95
184 95
184 95
184 95
188 95
191 95
191 95
191 95
191 95
191 95
191 95
185 96
185 96
185 96
185 96
185 96
186 96
187 93
187 91
187 88
187 87
187 87
187 86
187 86
187 86
187 84
187 82
187 80
187 80
192 76
192 76
189 74
189 74
189 74
189 74
188 73
200 64
200 64
208 55
208 55
211 63
215 69
215 70
210 71
206 73
206 73
206 73
206 73
205 80
205 80
204 77
204 77
204 77
204 77
204 77
204 77
204 77
200 77
200 77
200 77
200 77
200 77
200 77
196 77
196 77
196 77
195 78
195 78
195 78
195 78
197 80
200 80
200 80
200 80
204 86
212 100
212 105
206 122
202 130
197 134
191 136
190 136
191 126
193 121
193 121
193 121
193 121
193 121
193 121
194 121
194 121
194 121
194 121
194 121
194 122
194 122
194 122
194 122
193 122
189 122
187 125
187 125
187 125
187 125
187 125
188 125
188 125
190 125
190 125
191 125
194 124
198 124
198 124
199 127
200 127
202 130
205 130
206 131
209 137
210 137
210 139
211 144
211 145
211 145
211 145
212 145
215 145
217 144
224 142
228 140
228 140
228 140
228 140
228 140
230 142
238 143
239 143
239 143
239 143
239 143
236 144
232 146
232 146
232 146
232 146
228 148
220 151
220 151
224 150
231 148
234 147
236 146
236 146
236 146
237 146
238 146
238 146
238 146
234 115
234 114
234 114
234 114
234 113
234 107
234 107
235 107
236 107
236 107
236 107
236 107
236 107
236 107
236 107
236 107
236 107
236 107
218 119
218 119
217 119
217 119
217 119
217 119
217 119
217 119
217 119
215 119
211 118
211 118
211 118
211 118
211 118
211 118
211 118
211 118
211 118
211 118
211 118
211 115
211 115
211 115
212 115
212 115
212 115
212 115
212 115
212 115
212 115
212 115
212 115
212 115
212 115
210 114
210 114
210 114
210 114
210 114
210 114
209 117
208 118
208 118
208 118
208 118
208 118
209 119
209 119
209 119
209 119
211 119
211 119
211 117
211 117
211 117
211 117
211 117
211 117
211 117
211 117
211 117
215 119
215 119
215 119
215 119
219 121
220 122
220 122
220 122
220 122
220 122
220 122
220 122
223 122
225 128
227 142
229 153
229 156
230 163
231 164
233 173
233 173
233 173
233 177
233 177
233 177
233 177
239 171
242 162
242 162
242 162
242 162
242 162
242 162
242 162
232 156
231 153
231 152
230 149
227 139
227 137
227 137
227 137
227 134
228 128
230 128
231 135
232 138
232 138
233 137
234 136
234 135
235 129
235 128
232 121
226 105
226 105
226 105
226 105
225 107
225 113
225 114
225 114
226 116
227 125
228 125
228 125
228 125
228 125
230 125
231 124
233 122
234 122
238 117
238 116
238 116
235 119
231 119
231 119
234 119
234 118
234 118
234 118
234 118
234 118
234 118
234 118
234 118
234 118
234 118
232 110
229 101
229 101
229 100
229 100
229 100
229 99
229 97
228 90
228 86
230 64
230 74
230 79
230 80
230 82
228 98
225 101
216 99
216 99
210 98
199 107
199 107
208 105
208 105
202 107
198 109
198 109
190 119
193 119
195 116
197 114
197 114
197 114
197 114
197 114
198 112
199 112
199 112
199 112
199 112
199 112
199 112
200 112
200 112
200 112
201 111
201 111
202 109
202 109
202 109
202 109
196 100
196 100
194 102
194 104
194 106
194 110
194 111
194 113
194 113
195 113
197 113
197 113
197 113
197 113
197 113
197 113
197 113
197 113
197 112
197 111
197 111
197 111
197 111
197 111
197 111
197 111
197 111
197 111
197 111
197 106
197 106
197 106
192 107
190 116
190 116
190 116
198 120
190 148
187 156
175 171
173 175
156 194
175 191
182 191
182 194
182 194
182 194
178 192
178 191
178 190
181 185
181 185
181 185
181 185
177 207
177 207
178 200
180 191
180 191
182 185
187 173
187 173
187 172
187 170
187 170
187 170
187 173
187 173
187 173
187 173
199 169
206 167
196 165
194 163
187 155
186 154
186 154
185 147
185 147
185 147
185 147
185 145
185 145
186 144
187 144
187 144
187 144
187 144
187 144
187 144
187 144
187 144
187 144
187 144
187 144
187 142
186 140
173 122
173 122
183 115
183 115
184 113
184 112
193 108
196 108
199 108
205 108
209 109
210 109
210 109
210 109
210 109
209 110
209 110
209 110
209 110
209 110
209 110
209 110
209 110
209 110
209 110
209 110
209 110
206 116
206 116
206 116
206 116
206 116
206 116
206 116
206 116
204 116
204 116
204 116
205 114
205 114
205 114
205 114
205 114
206 114
206 114
206 114
206 114
206 114
206 114
206 114
206 113
203 112
203 112
203 112
203 112
203 112
203 112
203 112
203 112
203 112
203 112
203 112
203 112
203 112
203 112
203 112
203 112
203 112
203 112
203 112
203 112
203 112
203 112
203 112
203 112
203 112
203 112
203 112
203 112
203 112
203 112
203 112
203 112
203 112
203 112
203 112
203 112
203 112
203 112
203 112
203 112
203 112
203 112
203 112
184 114
185 114
190 114
190 114
196 114
197 115
197 119
197 123
197 127
197 127
197 126
197 126
197 126
197 126
194 126
193 126
193 126
193 126
193 125
193 125
193 125
193 125
193 125
193 125
193 125
193 125
193 125
193 122
193 122
193 122
193 122
193 122
199 121
200 121
200 121
200 121
201 121
201 121
196 124
196 124
196 124
196 124
196 122
196 122
195 121
195 120
195 120
195 120
194 120
194 119
195 115
195 115
195 115
195 115
195 115
195 115
195 115
195 115
195 115
195 115
195 115
195 115
195 115
203 110
204 110
204 110
204 110
204 110
204 110
204 110
204 110
204 110
204 110
204 110
204 110
203 110
202 110
195 110
195 110
195 110
195 110
195 110
195 110
195 110
195 110
199 107
199 107
199 107
199 107
199 107
199 107
199 107
199 107
199 107
199 107
199 107
199 107
199 107
199 107
199 107
200 108
201 113
201 113
201 114
202 125
204 130
207 130
208 130
209 129
209 129
209 129
209 129
209 129
209 129
209 129
209 129
209 129
209 129
209 129
209 129
209 129
209 129
209 129
209 129
209 129
205 128
203 127
203 127
203 129
203 131
203 131
203 131
203 131
203 132
202 133
201 133
201 133
201 133
201 133
201 133
201 133
211 134
216 133
193 134
191 134
191 134
191 134
187 138
170 180
171 174
171 174
177 171
177 171
177 171
185 166
185 166
185 166
185 166
184 166
185 172
185 172
185 172
185 172
186 172
186 170
186 163
186 163
186 163
186 163
186 163
187 163
188 163
188 163
188 163
190 163
190 163
191 163
194 158
195 158
195 158
195 158
195 158
195 158
195 158
195 158
195 158
195 158
194 158
191 162
191 162
191 162
191 162
191 161
190 153
190 153
190 151
190 151
189 145
189 139
193 129
193 126
194 122
199 118
200 118
202 118
210 117
216 117
218 116
218 116
218 116
218 116
218 116
217 114
217 114
217 114
216 114
216 114
214 114
214 114
214 114
214 114
214 114
213 114
212 114
212 115
209 120
209 120
208 123
207 123
204 125
204 125
202 127
202 127
202 127
201 127
201 127
201 125
201 123
201 122
201 119
201 117
202 116
202 116
202 116
201 112
201 112
200 112
200 112
200 112
200 112
200 112
200 112
200 112
201 112
201 114
201 114
201 115
201 115
201 115
201 115
201 115
201 115
201 115
201 115
201 115
198 118
198 118
198 118
198 118
196 117
196 117
194 117
194 117
193 119
192 123
192 123
192 123
192 122
192 119
192 118
192 118
192 106
192 106
192 107
192 107
192 107
192 107
192 107
192 107
192 107
188 106
188 106
188 106
188 106
187 107
187 107
186 110
186 110
186 110
184 110
184 110
184 110
184 110
184 110
184 110
184 110
188 110
188 110
188 110
189 110
189 110
189 110
189 110
189 110
191 112
193 118
193 118
193 118
193 118
193 118
193 118
193 118
193 118
193 118
193 118
193 117
193 116
193 116
193 116
193 116
193 116
193 116
192 114
192 114
188 123
188 123
188 123
189 120
189 119
189 119
189 119
189 119
189 119
190 119
190 119
190 119
190 119
190 119
190 119
190 119
192 123
192 124
192 124
193 125
194 126
194 126
194 126
194 126
194 126
194 126
194 126
193 126
193 126
193 126
193 126
193 126
193 126
193 126
190 131
190 131
190 131
187 125
187 125
187 125
187 125
187 125
187 125
187 125
187 125
210 115
200 115
200 115
206 116
206 116
206 116
206 116
203 116
202 116
200 115
200 115
200 117
200 119
200 119
200 119
199 115
199 115
199 115
205 114
210 114
210 114
210 114
210 114
210 114
210 114
202 111
202 111
202 111
201 110
201 110
201 110
201 110
201 110
201 109
201 108
201 108
201 108
201 108
201 108
201 111
200 113
200 113
200 113
199 113
199 113
198 113
197 114
197 114
197 114
197 114
195 118
195 118
195 118
195 120
194 124
194 124
194 124
194 124
192 128
192 128
193 124
193 124
194 124
194 124
194 124
194 124
194 124
194 124
194 124
194 124
194 124
194 125
194 125
194 125
194 125
194 125
194 125
194 125
191 125
191 125
191 125
191 126
191 126
191 127
184 132
183 133
183 133
183 133
183 133
183 133
183 133
182 130
181 129
181 129
181 129
181 129
181 129
181 129
181 129
185 123
185 123
185 123
185 123
185 123
185 123
185 123
185 122
188 121
188 121
188 121
188 121
188 121
188 121
188 121
188 121
188 121
199 120
200 120
200 120
200 120
200 120
200 119
200 119
200 119
198 112
195 113
195 113
195 113
195 113
195 113
195 113
195 113
195 113
195 113
195 115
195 115
195 115
195 115
195 115
195 115
195 115
195 115
195 117
194 118
194 118
194 118
194 118
194 118
188 121
188 121
188 121
188 121
188 121
188 121
188 121
188 121
188 121
192 120
192 120
192 120
192 120
192 120
192 120
192 120
192 120
192 116
190 117
190 117
190 117
189 118
189 118
189 119
189 119
189 119
189 120
189 121
188 122
188 123
188 123
186 131
185 147
185 147
185 147
185 147
185 147
185 147
160 250
155 251
154 253
154 255
159 269
159 269
190 265
190 265
190 265
190 265
190 265
190 265
190 265
190 265
187 262
187 262
187 262
