254 171
254 171
254 171
254 171
254 171
254 170
254 170
254 170
254 170
254 170
250 171
250 171
250 171
250 171
250 171
250 171
250 171
250 171
250 171
249 171
249 171
249 171
247 171
247 171
247 171
247 171
247 171
247 170
247 170
247 170
247 170
247 170
247 170
247 170
247 170
245 169
245 167
245 167
245 167
245 167
245 167
245 167
245 167
245 167
245 167
245 167
245 167
245 167
245 167
245 177
245 177
252 174
252 174
252 174
252 174
252 174
252 174
252 174
252 174
252 174
252 174
252 174
252 174
252 174
252 174
252 174
253 174
253 174
253 173
253 173
253 173
253 173
253 173
254 173
254 173
278 189
278 189
288 197
289 197
289 197
292 199
293 199
293 197
292 195
291 187
289 184
288 184
287 184
287 183
284 182
277 182
277 182
274 182
272 182
272 182
270 186
270 186
263 187
260 187
260 187
265 187
265 187
265 187
266 187
270 195
271 195
276 194
277 194
277 194
277 194
278 198
279 200
279 200
280 200
280 200
281 195
280 192
278 192
278 192
274 193
272 193
272 193
269 194
267 194
267 194
267 194
267 194
267 194
267 194
267 194
267 194
267 194
267 194
276 129
243 203
243 203
213 207
213 207
229 210
235 211
235 211
243 214
245 215
245 215
245 215
244 204
244 201
244 201
244 201
244 201
244 201
244 201
255 196
255 196
255 196
255 196
255 196
255 196
255 196
255 196
255 196
263 193
266 192
266 192
266 192
266 192
266 192
266 192
266 192
266 192
266 192
266 192
266 192
266 192
266 192
266 192
266 192
266 192
266 192
266 192
266 192
266 192
266 192
266 192
266 192
266 192
266 192
266 192
266 192
266 192
266 192
266 192
266 192
266 192
266 192
266 192
266 192
267 212
267 212
267 212
267 212
267 212
267 212
267 212
267 207
267 207
267 207
268 211
268 222
269 228
269 229
272 229
272 229
272 229
272 229
272 228
272 227
272 227
272 226
272 226
272 226
272 226
274 224
274 224
274 224
274 224
274 224
280 224
280 224
280 224
280 224
280 224
280 224
280 224
280 224
282 224
282 224
282 224
282 224
282 224
282 224
282 224
284 226
286 226
286 226
286 226
286 226
286 226
286 226
286 226
286 226
287 224
287 220
287 220
287 220
287 220
287 220
287 220
287 220
287 220
287 220
275 225
275 225
275 225
275 225
277 226
278 226
278 226
279 226
279 226
279 226
279 226
279 226
276 226
276 226
276 226
276 226
276 226
276 226
276 226
275 226
253 224
253 224
253 223
253 223
253 223
253 223
253 223
253 223
256 208
247 216
247 216
247 216
247 216
247 216
247 216
247 216
247 216
247 216
244 217
242 217
241 217
242 210
242 210
242 210
242 210
242 210
242 210
242 210
242 210
242 209
242 209
258 199
259 196
249 193
248 193
248 193
248 193
248 193
248 193
251 194
264 186
264 186
264 186
264 186
264 186
264 186
264 186
264 186
264 186
264 186
264 186
254 183
252 182
252 182
252 182
252 182
252 182
252 182
252 182
252 182
261 184
262 187
271 191
271 191
268 196
266 200
266 200
265 201
265 201
265 201
265 201
265 201
260 198
259 195
259 195
259 195
261 195
261 195
263 195
263 195
263 196
263 196
271 208
271 210
278 210
283 210
284 210
286 215
286 215
285 215
285 215
286 212
286 208
286 206
286 206
279 210
279 211
279 211
279 211
279 211
276 212
272 215
271 215
271 215
274 215
274 215
274 215
274 214
275 213
275 213
275 213
275 213
275 213
275 213
275 213
275 213
271 213
270 219
270 219
270 219
270 219
269 220
267 221
267 221
265 221
260 221
251 221
258 221
259 221
259 221
259 221
259 221
259 221
259 221
259 221
260 221
260 221
260 221
262 222
267 231
267 231
267 231
267 231
267 231
267 231
267 231
267 231
267 231
267 231
258 222
258 222
258 222
258 222
258 222
258 222
257 218
256 208
256 208
256 208
256 208
256 208
256 208
256 208
256 208
268 202
268 202
268 202
268 202
268 202
268 202
268 202
268 202
257 213
258 213
258 213
258 213
258 213
258 213
258 213
258 213
258 213
258 213
259 214
259 214
259 214
259 214
259 214
259 214
259 215
259 226
260 231
261 231
261 231
261 231
261 231
262 231
262 231
262 231
262 231
262 231
262 233
262 234
272 271
273 272
273 272
273 271
276 265
276 264
276 263
277 258
277 258
279 258
292 255
293 255
293 255
293 255
293 255
293 255
289 255
289 255
289 255
289 255
289 255
289 255
289 255
289 255
289 255
289 255
289 255
289 255
289 255
289 255
293 260
293 260
296 261
298 261
298 261
298 261
296 261
296 261
294 254
264 245
269 245
271 245
268 237
266 229
266 229
265 228
261 223
258 218
253 208
252 208
252 207
255 207
260 209
260 209
261 209
261 209
261 209
261 209
261 209
263 214
263 214
263 214
263 214
263 214
263 214
263 214
265 216
276 228
277 231
277 238
277 242
278 251
278 251
279 254
283 255
283 255
286 261
288 267
288 267
288 267
288 267
288 267
288 267
288 267
288 267
283 272
283 272
278 273
278 273
286 282
286 283
286 283
286 283
286 283
286 283
286 283
286 283
286 283
288 283
288 283
288 283
288 283
288 283
288 283
288 283
288 283
288 283
288 283
288 283
281 283
274 282
274 280
274 278
273 277
273 277
273 277
227 242
227 242
226 234
225 225
223 211
223 210
223 210
231 204
232 202
232 202
232 202
216 202
213 204
210 204
206 203
197 204
197 205
209 205
217 205
231 210
244 220
257 226
274 229
274 229
253 223
235 220
223 219
221 216
214 212
209 210
202 212
199 214
196 222
196 225
205 227
220 234
235 234
249 236
253 239
255 240
252 240
243 240
231 240
228 239
227 239
214 239
209 240
203 246
201 248
201 248
223 248
240 247
240 247
240 247
233 247
233 247
232 247
232 247
233 254
238 254
241 254
241 254
241 254
241 254
240 254
231 255
227 255
226 254
226 253
226 252
226 242
226 241
225 239
225 237
225 232
225 229
225 229
225 229
225 224
225 221
225 221
225 221
225 221
225 221
225 221
225 221
223 241
223 239
223 238
223 238
223 236
223 236
223 236
223 236
223 236
223 236
223 236
223 233
223 232
223 231
223 226
223 218
223 212
223 212
222 206
221 198
221 198
221 189
221 183
221 177
221 173
221 170
221 160
209 157
209 157
209 157
209 155
209 155
213 156
220 159
223 160
222 157
222 156
222 156
221 156
221 155
221 155
221 155
221 155
221 155
221 155
221 155
221 155
221 155
221 156
221 157
220 157
220 157
220 158
220 158
220 158
220 158
220 158
220 158
220 158
220 158
220 158
220 158
220 156
220 156
220 156
220 156
220 156
220 156
220 156
220 156
220 156
220 156
219 156
219 156
218 156
217 156
217 156
217 156
217 180
217 180
217 180
217 180
217 180
217 180
218 172
222 167
222 167
222 167
222 167
222 167
222 167
222 167
222 167
222 167
231 157
231 155
231 155
231 155
231 155
231 155
231 155
231 155
229 153
229 152
229 152
229 152
229 152
229 152
229 152
229 152
229 152
229 152
229 152
229 152
229 152
229 152
229 152
228 159
228 161
228 161
228 161
228 161
228 161
228 161
228 161
228 161
230 161
230 161
230 161
230 161
230 161
230 161
230 161
230 161
230 161
230 161
230 190
230 193
230 197
230 200
230 211
230 211
230 211
230 211
230 211
230 211
230 211
230 211
230 211
230 211
230 211
230 212
230 212
230 212
230 212
230 212
231 213
231 213
230 214
230 214
230 214
230 214
225 214
222 214
222 214
222 214
222 214
222 214
222 214
222 214
222 214
227 215
228 216
229 216
230 216
233 216
233 216
233 216
233 216
234 217
234 217
235 218
235 219
235 220
235 221
235 222
235 222
233 224
232 224
229 224
222 223
217 220
210 215
206 211
205 209
204 199
204 199
204 199
204 199
204 199
205 199
205 199
205 199
205 199
205 199
207 195
207 195
207 195
207 195
207 195
207 195
207 195
207 195
207 195
206 195
205 195
196 196
193 196
191 196
190 197
190 197
190 197
190 197
190 197
190 197
190 197
190 197
190 197
190 197
190 197
191 194
193 191
193 191
195 191
197 191
200 190
200 190
200 190
201 190
202 189
204 187
209 182
211 178
214 173
216 169
217 168
217 168
217 167
217 167
217 167
217 167
216 167
206 172
203 176
200 180
200 182
200 182
200 182
200 182
200 182
200 182
200 182
200 182
203 179
206 175
208 173
208 172
209 170
210 169
210 169
210 168
211 166
212 165
212 163
213 162
213 162
213 162
213 162
213 162
213 162
213 162
213 162
213 162
211 165
210 167
210 169
210 169
210 169
210 169
210 169
210 169
210 169
210 169
210 169
210 169
212 167
213 166
213 165
213 165
213 165
213 165
213 165
213 165
213 165
214 170
214 172
214 172
214 173
214 173
214 173
214 173
214 173
215 167
215 164
216 159
217 157
218 155
218 152
219 149
219 147
219 146
219 145
219 145
219 145
221 144
221 143
222 142
222 142
222 142
222 142
222 142
222 142
222 142
222 142
222 146
223 147
224 147
225 147
230 144
243 134
246 129
246 125
246 125
246 125
243 123
240 123
235 122
232 122
230 122
230 122
229 122
228 122
225 122
222 122
215 123
212 123
208 123
207 123
207 123
207 123
207 123
206 124
204 126
202 130
202 133
202 136
202 137
202 137
202 137
202 137
202 137
202 137
202 137
202 137
202 137
201 137
201 137
201 137
201 137
201 137
201 137
201 137
201 137
201 137
200 137
200 137
200 137
200 137
200 137
200 137
200 137
200 137
200 137
200 139
200 140
200 142
200 147
201 149
201 150
201 150
201 151
201 151
201 151
201 152
201 152
201 152
201 151
203 144
204 140
204 139
204 139
204 139
204 139
204 139
204 142
204 144
204 149
204 150
204 151
204 151
206 148
207 145
208 142
208 140
208 140
208 140
208 140
214 144
215 148
216 151
216 152
216 152
216 152
216 152
216 152
213 152
209 149
208 146
208 144
208 143
208 143
208 143
208 143
208 143
208 143
208 142
210 140
212 137
212 137
212 137
212 137
212 137
211 140
208 146
207 149
207 149
207 149
207 149
207 149
207 149
207 149
207 149
207 149
207 148
208 146
208 143
208 143
208 143
208 143
203 146
202 147
202 148
201 148
201 148
201 148
201 148
201 148
201 148
201 148
201 148
201 148
201 149
201 149
201 149
200 152
199 153
199 154
199 155
199 155
199 155
199 155
199 155
196 155
191 153
189 152
189 150
189 150
189 150
189 150
189 150
189 150
189 150
189 150
189 150
189 150
189 150
188 151
188 152
191 155
201 159
206 161
208 161
209 161
209 161
210 161
210 161
210 161
210 161
210 161
210 161
210 161
210 161
210 161
210 161
210 161
210 160
210 159
209 159
208 158
207 157
207 157
207 156
207 156
207 155
207 155
207 155
207 155
207 155
207 155
209 154
212 152
215 150
216 150
216 149
216 149
216 149
216 149
216 149
216 149
216 149
216 149
216 148
215 147
215 147
215 147
215 147
215 147
215 147
215 147
215 147
215 147
215 147
212 146
212 146
211 145
210 145
210 145
210 145
206 145
205 145
204 145
204 145
204 145
203 146
203 147
203 149
203 151
203 153
203 154
203 155
202 155
202 155
202 155
202 155
202 155
202 155
202 155
202 155
202 155
211 161
214 162
219 163
221 163
222 163
222 163
222 163
222 163
222 163
222 164
222 165
222 165
222 165
223 166
