97 182
97 182
97 182
97 182
97 182
97 182
97 182
97 182
97 182
97 182
97 182
97 182
97 182
97 182
97 182
97 182
97 182
97 182
108 182
108 182
114 183
115 183
116 183
126 192
126 192
126 192
126 191
125 190
123 188
122 188
122 188
122 188
122 188
122 188
122 188
122 188
122 188
122 188
123 188
127 186
129 185
130 184
130 184
131 173
131 171
131 170
132 170
132 170
132 170
132 170
132 170
132 170
132 170
132 170
132 170
132 170
136 170
139 170
140 170
140 170
140 170
140 170
140 170
140 170
140 170
140 170
140 170
138 171
137 172
137 173
137 173
137 173
137 173
137 173
137 173
137 173
137 173
136 173
135 173
135 173
135 173
135 173
135 173
135 173
135 173
135 173
135 173
135 173
135 173
135 173
135 173
135 173
135 173
135 174
134 176
134 177
134 177
134 177
134 177
134 177
134 177
134 177
134 177
134 177
134 177
134 177
134 177
134 177
135 177
136 177
138 177
139 177
150 172
159 170
170 167
189 179
189 179
188 181
187 185
181 197
183 199
183 199
183 199
183 199
183 199
183 199
183 193
183 193
183 193
183 193
183 193
183 193
183 193
183 193
182 193
179 191
179 191
179 191
179 191
179 191
179 191
179 191
184 175
186 174
194 169
196 167
198 165
199 165
199 165
202 164
203 164
203 164
204 166
204 169
204 169
199 170
196 170
191 171
183 173
183 173
183 173
183 173
183 173
183 173
183 173
181 173
179 174
173 181
173 181
173 181
173 181
173 181
173 181
173 181
173 181
173 181
173 181
175 182
175 182
175 182
175 182
175 182
175 182
175 182
175 182
176 182
176 182
186 176
186 172
186 169
174 165
160 166
150 168
142 168
135 168
133 170
126 175
125 176
125 178
125 178
125 178
127 178
127 178
127 178
127 178
127 178
127 178
127 178
127 178
127 178
127 178
127 178
127 178
127 178
127 178
127 178
127 178
127 178
143 178
168 171
182 168
182 168
191 166
198 165
200 165
200 165
197 171
193 172
193 172
193 172
193 172
193 172
193 172
193 172
193 172
180 167
143 169
143 169
156 168
166 167
166 167
166 167
166 167
167 167
167 167
167 167
167 167
168 167
168 167
168 167
169 168
170 168
178 171
178 171
178 171
178 171
178 171
178 171
178 171
178 171
178 171
178 171
178 171
178 171
178 171
178 171
178 172
165 185
168 184
169 184
171 183
171 183
171 183
171 183
171 183
171 183
171 183
171 183
171 183
171 183
171 183
171 183
171 183
170 183
170 183
170 183
170 183
170 183
170 183
170 183
170 183
170 183
170 184
170 185
170 186
170 186
170 186
145 176
147 170
160 162
161 162
165 161
165 161
165 161
165 161
165 161
165 161
165 161
165 161
169 163
169 164
169 165
169 165
169 165
169 165
169 165
169 166
169 166
170 169
170 169
170 169
170 169
170 169
170 169
170 169
170 169
170 169
170 169
170 169
170 169
170 169
170 169
170 169
170 169
170 169
170 169
170 169
170 169
170 169
169 163
165 162
163 162
162 162
162 162
162 162
162 162
162 162
161 162
161 162
161 162
161 162
161 162
161 162
161 162
161 162
161 162
161 162
161 162
161 162
161 162
161 162
161 162
155 165
152 166
152 166
152 166
152 166
152 166
152 166
152 166
152 166
153 166
154 167
154 167
157 167
182 165
182 165
182 165
174 166
174 166
174 166
174 166
174 166
174 166
174 166
174 166
174 167
173 168
171 170
168 172
162 173
159 182
159 184
159 184
159 184
159 184
159 184
159 184
159 184
159 184
159 184
159 184
148 186
148 186
148 186
148 186
148 186
148 186
148 186
148 186
148 186
148 186
155 177
158 166
158 164
165 164
165 164
165 164
165 164
165 164
165 164
165 164
165 164
165 164
183 163
183 163
188 166
189 168
189 169
190 169
190 169
190 173
190 174
190 181
190 181
192 181
192 181
192 181
192 181
192 181
192 181
192 181
192 181
192 181
192 181
192 181
188 181
187 182
187 182
187 182
187 182
187 182
187 182
187 182
190 172
190 172
190 172
190 172
190 172
190 172
190 172
190 172
179 166
179 166
174 166
168 167
163 172
163 172
163 172
163 172
163 172
163 173
163 173
162 176
159 179
156 185
154 190
150 199
149 200
146 204
146 204
146 204
156 204
156 204
156 204
156 204
156 204
156 204
156 204
156 204
155 204
153 203
149 195
139 189
140 184
140 184
140 184
140 184
140 184
140 184
140 184
140 184
140 184
140 184
140 183
140 183
140 183
142 183
142 183
142 183
142 183
142 183
142 183
142 183
142 183
154 183
151 183
151 183
151 183
151 183
151 183
150 183
149 183
149 183
149 184
147 184
147 184
147 184
150 184
168 178
191 171
201 169
202 169
203 168
203 168
203 168
203 168
203 168
203 168
203 168
201 167
199 165
198 164
197 164
197 164
197 163
172 170
171 171
171 172
171 172
178 177
178 177
178 177
178 177
178 177
178 177
178 177
178 177
178 177
183 175
187 174
195 173
195 173
195 173
195 173
195 173
195 173
195 173
195 173
195 173
195 173
191 173
175 175
175 175
175 175
175 174
175 168
179 156
182 154
190 154
194 166
194 171
192 178
190 185
183 192
155 201
156 202
157 216
161 226
171 233
190 259
190 259
189 264
187 272
186 272
179 284
179 284
179 278
178 273
178 260
178 260
178 254
178 254
178 254
178 254
178 254
178 254
178 254
178 254
178 254
174 237
177 218
175 214
175 213
174 211
173 208
169 202
162 194
159 191
156 185
154 183
154 183
152 183
145 182
145 182
145 182
145 182
145 182
145 182
146 182
146 182
149 182
149 182
149 182
149 182
150 181
150 180
150 180
150 180
150 180
150 180
150 180
150 180
150 180
150 180
150 180
152 178
154 166
154 165
154 165
154 165
158 164
159 164
159 164
159 164
159 164
159 164
162 163
162 163
162 163
162 163
162 163
162 162
162 162
162 162
164 160
164 160
164 160
164 160
164 160
164 160
164 160
164 160
164 160
164 160
164 160
164 160
164 160
164 160
164 160
164 160
164 160
164 160
164 160
163 160
183 159
184 159
184 159
184 159
185 159
185 159
185 159
185 159
185 159
185 159
185 159
170 166
170 166
170 166
170 166
173 166
174 167
174 167
174 167
176 180
176 180
173 182
173 182
172 182
171 183
171 183
171 183
171 183
165 184
165 184
165 184
165 184
165 184
165 184
165 184
165 184
165 184
165 184
165 184
165 184
165 184
165 184
165 184
165 184
165 184
165 184
165 184
165 184
165 184
165 184
165 184
165 184
165 184
165 184
165 184
165 184
165 184
165 184
165 184
165 184
165 184
165 185
165 187
165 190
164 192
164 196
164 201
162 209
162 213
162 213
162 213
162 213
162 213
162 213
162 213
162 213
155 165
155 165
155 165
165 158
165 158
166 169
166 173
167 174
167 175
167 175
167 175
167 176
162 186
162 186
162 186
162 186
162 186
162 186
162 186
162 186
162 186
162 186
162 186
162 186
162 186
162 186
162 186
162 186
162 186
162 186
161 186
161 186
161 186
161 186
161 186
161 186
161 186
161 186
161 186
161 186
161 186
157 183
157 183
157 183
157 183
157 183
157 183
157 183
157 183
157 183
157 183
157 183
157 183
157 183
159 183
159 183
159 183
159 183
159 183
159 183
159 183
159 183
159 183
159 183
159 183
159 183
159 183
159 183
159 183
159 183
159 183
159 183
159 183
159 183
159 183
159 183
159 183
159 183
159 183
159 183
159 183
159 183
159 183
159 183
159 183
159 183
159 183
159 183
159 183
159 183
159 183
159 182
160 182
160 182
160 182
160 182
160 182
160 182
160 182
160 182
160 182
160 182
160 182
160 182
160 182
160 182
160 182
160 182
160 182
160 182
160 182
160 182
160 182
160 182
160 182
160 182
160 182
163 181
163 181
163 181
163 181
163 181
163 181
163 181
163 181
163 181
163 181
166 180
166 180
163 180
163 180
24 220
170 186
170 186
170 186
170 186
170 186
170 186
170 186
170 186
170 186
170 186
167 186
166 186
166 185
167 175
167 174
167 174
167 174
167 174
167 174
167 174
167 174
167 174
167 174
167 174
167 174
167 174
167 174
167 174
162 163
162 163
162 163
162 163
162 163
162 163
162 163
162 163
159 162
159 162
159 162
159 162
159 162
159 162
159 162
159 162
159 162
157 162
157 162
157 162
157 162
157 162
157 162
157 162
157 162
155 163
155 163
155 163
155 163
155 163
155 163
155 163
155 163
155 163
163 163
163 163
163 163
163 163
163 163
163 163
163 163
163 163
163 163
160 170
160 170
160 170
160 170
160 170
160 170
160 170
160 170
160 170
160 170
160 170
160 170
160 170
160 170
160 170
220 175
201 173
201 172
201 168
202 167
202 162
197 155
192 154
185 153
181 153
179 153
179 153
179 153
179 153
178 154
174 161
174 161
174 161
174 161
174 161
174 161
174 161
175 166
176 166
177 166
178 167
178 167
178 167
178 167
178 167
178 167
178 167
178 167
178 167
178 167
203 161
206 160
206 160
192 161
189 162
189 162
189 162
189 162
188 162
187 162
180 171
180 171
180 174
180 176
180 178
180 179
180 188
180 189
180 189
180 189
180 189
180 189
180 189
180 189
180 189
180 189
180 189
180 189
180 189
180 189
180 189
180 189
180 189
180 189
180 189
180 189
180 189
184 181
176 183
176 184
176 184
175 184
175 184
174 184
173 186
173 186
173 186
173 186
153 199
150 202
148 202
144 203
144 203
144 203
144 203
144 203
144 203
144 203
144 203
144 203
144 203
144 203
144 203
144 203
144 203
144 203
144 204
144 204
144 204
144 204
144 204
145 205
147 205
149 205
150 205
150 205
150 205
150 205
150 205
150 205
150 205
150 206
149 207
148 208
148 208
148 208
148 208
148 208
148 208
148 208
148 208
148 208
148 208
148 208
147 208
147 208
147 208
147 208
147 208
147 208
147 208
147 208
147 208
147 208
147 208
147 208
147 208
147 208
147 208
147 208
147 208
147 208
147 208
147 208
147 208
147 208
147 208
147 208
147 208
147 208
147 208
147 208
147 208
147 208
147 208
147 208
147 208
147 208
147 208
147 208
147 208
147 208
147 208
147 208
147 208
147 208
147 208
147 208
147 208
147 208
147 208
145 203
145 203
145 203
145 203
145 203
145 203
145 203
145 203
145 203
145 203
145 203
145 203
145 203
145 203
145 203
147 203
149 202
150 202
151 202
151 202
151 202
151 202
151 202
151 202
151 202
151 203
151 203
151 203
151 203
151 203
151 203
151 203
151 203
151 203
151 203
151 203
151 203
151 203
151 203
151 203
151 203
151 203
151 203
151 203
151 203
151 203
151 203
151 203
151 203
151 203
151 203
151 203
151 203
151 203
151 203
151 203
151 203
151 203
151 203
151 203
151 203
151 203
151 203
151 203
151 203
151 203
151 203
151 203
151 203
151 203
151 203
151 203
151 203
151 203
151 203
151 203
151 203
151 203
151 203
151 203
151 203
151 203
151 203
151 203
151 203
151 203
151 203
151 203
151 203
151 203
151 204
151 204
151 205
150 206
150 206
150 206
150 206
150 206
150 206
150 206
150 206
150 206
150 206
150 206
133 214
133 214
133 214
133 214
136 214
137 214
137 214
138 213
139 213
139 213
140 213
140 213
140 213
141 213
141 213
143 213
143 213
144 213
145 213
145 213
145 213
145 213
145 213
145 213
145 213
145 213
145 213
145 213
145 213
147 213
147 213
148 213
150 212
151 212
151 212
151 212
151 212
151 212
151 212
151 212
151 212
151 212
151 212
151 212
151 212
151 212
151 212
151 212
151 212
151 212
151 212
151 212
151 212
151 212
151 212
151 212
151 212
151 212
151 212
151 212
151 212
151 212
151 212
151 212
151 212
151 212
151 212
150 212
149 212
149 212
149 212
149 212
149 212
149 212
149 212
149 212
149 212
144 218
144 218
144 218
144 218
