424,224
424,224
424,224
424,224
424,224
424,224
424,224
424,224
424,224
424,224
424,224
424,224
424,224
424,224
424,224
424,224
424,224
424,224
427,224
429,224
429,224
429,224
429,224
429,224
429,224
429,224
429,224
429,224
429,224
429,224
424,230
422,231
421,231
417,231
417,231
417,231
417,231
417,231
417,231
417,231
417,231
417,231
417,231
417,231
417,231
417,231
417,231
417,231
417,231
417,231
417,231
416,231
416,231
416,231
416,231
416,231
416,231
416,231
416,231
416,231
416,231
416,231
416,231
416,231
416,231
416,228
416,224
417,218
417,218
417,218
417,217
417,216
417,216
418,215
418,214
418,214
418,214
418,214
418,214
418,214
417,221
416,221
416,221
416,220
416,218
416,218
416,218
416,218
416,218
416,218
416,218
416,218
416,218
416,218
416,218
416,218
416,218
416,218
416,218
416,219
416,220
415,220
415,220
415,220
415,220
415,221
415,221
415,221
415,221
415,221
415,221
415,221
415,221
414,221
410,222
408,222
407,222
406,222
405,222
405,222
405,222
405,222
405,222
405,222
405,222
405,222
405,222
405,222
405,222
405,222
405,222
405,222
405,223
405,223
405,223
405,223
405,223
406,223
407,223
407,223
407,223
407,223
407,223
407,223
407,223
407,223
407,223
408,223
408,223
408,223
408,223
408,223
408,223
408,223
408,223
408,223
408,223
408,223
408,223
408,223
409,223
410,223
410,223
410,223
410,223
410,223
410,223
410,223
410,223
410,223
410,223
410,223
410,223
410,223
410,223
413,223
419,223
421,224
422,224
422,224
422,224
422,224
422,225
422,225
422,225
422,225
421,227
421,228
421,228
421,228
421,228
420,228
420,229
420,229
420,229
420,229
420,229
420,230
420,231
420,231
420,231
420,231
420,231
420,231
420,231
420,231
420,231
420,231
420,231
420,231
419,231
419,231
419,231
419,231
419,231
419,231
419,231
419,231
419,231
419,231
419,231
420,231
420,231
421,231
424,227
426,225
426,225
426,225
428,224
430,224
430,224
431,224
431,224
432,224
433,224
434,224
434,225
434,225
434,226
434,230
434,234
434,235
434,235
434,236
434,236
433,236
433,236
433,236
433,236
433,236
433,237
433,237
434,238
434,238
434,238
435,238
435,238
435,238
435,238
435,238
435,238
435,238
435,238
435,238
435,238
435,236
435,234
435,232
435,232
435,231
435,230
435,230
435,230
435,230
435,230
435,230
435,230
435,230
435,230
435,230
435,230
435,230
438,230
438,230
438,230
438,230
439,232
440,233
441,234
441,234
441,234
441,234
441,234
441,235
441,235
441,235
441,235
440,236
439,238
436,239
434,239
430,240
426,240
424,241
423,241
420,241
416,241
414,241
411,241
408,241
404,241
402,241
400,241
399,241
398,241
395,237
395,233
395,231
395,230
395,228
395,228
395,228
395,228
396,228
398,228
398,228
401,228
402,228
402,228
403,228
403,228
403,228
403,228
403,228
403,228
403,230
403,230
403,230
403,230
403,230
403,230
403,230
403,230
404,230
406,227
406,227
406,227
406,227
412,228
415,231
416,234
416,237
415,242
414,244
412,247
411,248
410,249
409,249
409,249
409,249
409,250
410,252
410,259
411,262
413,265
413,265
413,265
413,265
413,265
413,265
413,265
413,265
413,265
413,265
413,265
414,265
415,265
415,265
415,265
415,265
415,265
415,265
415,265
415,265
415,263
415,261
415,259
415,257
414,256
412,255
411,253
411,250
411,250
411,250
411,250
411,250
411,250
411,250
411,250
411,250
412,250
413,250
414,250
414,250
414,250
414,250
415,250
416,250
416,250
416,250
416,250
416,250
416,250
416,250
416,250
417,250
417,250
417,250
417,250
417,250
417,250
417,250
417,250
417,250
417,250
417,250
417,250
418,250
418,250
418,250
418,250
418,250
419,250
420,250
420,250
420,250
420,250
420,250
420,250
421,250
421,250
421,250
421,250
422,250
422,249
424,248
424,247
424,247
424,246
425,246
425,246
425,246
425,246
425,246
425,246
425,246
425,246
425,246
425,246
425,246
425,246
425,246
425,246
424,245
424,245
424,245
423,245
423,245
423,245
422,245
422,245
422,245
422,245
422,245
422,245
422,245
422,245
422,241
422,239
422,239
422,238
421,237
421,237
421,237
421,237
421,237
421,237
421,237
421,237
421,237
422,237
424,237
424,237
425,237
425,237
426,237
426,237
426,237
426,237
426,237
426,237
426,237
426,237
426,237
426,237
426,237
426,237
426,237
426,237
426,237
427,238
427,239
427,239
427,241
427,241
427,241
427,241
427,241
427,241
427,241
427,241
427,241
427,241
427,241
427,241
426,241
425,241
425,241
425,240
425,239
425,237
425,237
425,237
425,237
425,237
425,237
425,237
425,237
425,237
425,237
425,237
426,237
427,237
427,237
427,237
427,237
427,237
427,237
427,237
427,237
427,237
427,237
427,238
427,239
427,239
427,239
427,239
427,239
427,239
427,239
427,239
427,239
426,239
425,239
425,239
425,239
425,239
425,239
425,239
425,239
427,239
427,239
427,239
427,239
427,239
428,239
428,241
428,241
428,241
428,242
429,243
430,244
432,245
433,245
433,245
433,245
433,245
433,245
433,245
433,245
433,245
433,245
433,245
433,245
433,245
434,245
434,245
434,245
434,245
434,245
434,245
434,245
434,245
434,244
434,244
434,243
436,240
437,239
440,235
442,231
446,225
447,221
447,216
447,216
447,215
447,214
447,213
447,213
447,213
447,213
447,213
447,213
446,214
446,214
446,214
446,214
446,214
446,214
446,214
446,214
446,214
446,214
446,214
446,214
446,214
446,214
446,214
446,214
446,214
446,214
446,214
446,214
446,214
446,214
446,216
446,218
446,218
446,218
446,218
446,218
446,219
446,219
446,219
446,219
446,219
446,219
446,219
446,219
446,219
445,219
442,220
439,222
438,223
437,223
435,225
433,227
433,229
433,229
433,234
433,236
433,237
433,237
433,238
433,240
433,242
434,246
434,246
434,247
434,247
434,247
434,247
434,247
434,247
434,247
434,247
434,248
435,249
437,253
438,254
438,254
438,254
438,254
438,254
438,254
436,254
427,253
417,251
415,251
413,251
411,249
411,249
410,249
407,249
406,249
406,249
404,249
403,250
400,252
399,253
399,254
398,255
397,257
397,258
397,259
396,263
396,263
396,263
396,263
396,263
396,263
396,263
396,263
396,263
396,263
396,264
397,264
397,264
398,264
400,264
401,264
403,264
406,263
408,263
409,263
412,263
414,263
417,262
418,260
421,254
422,249
423,246
423,244
423,244
423,244
423,243
422,243
421,243
421,243
421,243
421,243
421,243
421,243
421,243
421,243
421,243
421,243
421,243
421,243
421,243
421,243
421,243
421,243
421,243
421,243
421,243
421,243
421,243
421,243
421,243
421,243
421,243
421,243
421,243
421,243
421,245
421,246
421,246
421,246
421,246
422,246
423,246
426,243
428,238
430,219
428,224
428,224
428,225
428,225
428,225
428,225
428,225
428,225
427,226
426,227
426,227
426,227
426,227
426,227
425,227
425,227
425,227
425,227
425,227
425,227
425,227
425,227
424,227
423,228
423,228
422,228
422,228
422,228
422,228
422,228
422,228
422,228
422,228
422,228
422,228
422,228
422,228
422,228
422,228
422,228
422,228
422,229
422,229
422,229
422,229
422,229
421,230
420,231
419,233
418,235
417,238
416,239
415,241
415,242
415,242
415,243
415,243
415,243
415,244
415,244
415,246
415,249
415,251
415,255
415,255
415,258
415,266
415,267
415,267
415,267
415,267
415,267
415,267
415,267
416,265
417,261
418,259
418,259
418,259
418,259
418,259
418,259
418,259
419,259
419,259
419,259
419,257
421,255
422,252
422,251
422,249
422,248
422,247
422,246
422,246
422,246
422,246
422,246
422,246
422,246
422,246
422,246
422,246
422,246
422,246
422,246
422,246
422,246
422,246
422,246
422,246
422,246
422,246
422,246
422,246
422,246
422,246
422,246
422,246
422,246
422,246
422,246
422,246
422,246
422,246
422,246
422,246
422,246
422,246
422,246
421,237
421,237
421,237
421,237
421,237
421,237
421,237
421,237
421,238
421,238
421,238
421,238
421,238
421,239
421,239
421,239
421,239
421,239
421,239
421,239
421,239
421,239
421,239
421,239
421,239
421,239
421,239
421,239
421,239
421,239
421,239
421,239
421,239
421,239
421,242
421,242
421,242
421,242
421,242
421,242
421,242
421,242
421,242
421,242
421,239
421,239
421,239
421,239
421,239
421,239
421,239
421,239
421,239
421,239
421,239
422,238
422,238
422,238
422,238
422,238
422,238
422,238
422,238
422,238
422,238
422,238
422,238
422,238
422,238
422,238
422,238
422,238
422,238
422,238
422,238
422,238
422,238
423,238
423,238
423,238
423,238
423,238
423,238
423,238
423,238
427,231
428,235
428,236
428,236
428,236
428,236
428,236
429,236
429,236
429,236
429,236
429,236
429,236
429,236
429,236
429,236
429,236
429,236
429,236
429,236
429,236
429,236
429,236
430,236
430,236
430,236
430,236
430,236
430,236
430,236
430,236
430,236
430,236
430,236
430,236
430,236
431,235
431,235
431,235
431,235
431,235
431,235
431,235
432,235
436,233
443,228
448,226
448,226
448,226
448,226
448,226
448,226
448,226
448,226
446,226
439,227
435,229
435,229
416,315
401,330
401,330
388,337
388,337
389,335
399,330
400,329
400,328
400,328
401,328
401,328
401,328
401,328
401,328
401,328
401,328
401,328
401,328
401,328
401,328
415,321
460,289
460,289
460,289
460,290
460,290
460,290
460,290
460,290
460,290
460,290
460,290
460,290
454,285
452,286
452,286
452,286
452,286
452,286
452,286
452,286
452,286
452,286
452,286
452,286
451,287
449,290
445,295
445,298
