403,221
403,221
403,221
404,221
406,221
406,221
407,219
407,219
407,218
407,217
409,217
409,217
409,217
409,217
409,217
411,217
411,217
411,217
411,217
411,217
412,217
412,217
412,217
412,217
412,217
416,225
416,225
416,225
416,225
416,224
416,223
416,223
416,223
416,223
416,223
416,223
416,223
416,223
416,223
418,227
422,226
423,225
424,224
424,224
424,224
424,224
424,224
424,224
424,224
422,224
422,224
422,224
422,224
422,224
422,224
422,224
421,224
421,224
420,224
420,224
420,224
419,224
417,224
415,225
414,226
413,226
413,226
412,226
412,226
412,226
412,227
412,227
412,227
412,228
412,228
412,228
412,228
412,228
412,233
412,236
412,238
412,239
412,239
412,239
416,239
419,239
423,239
426,239
427,239
428,238
428,238
428,238
429,238
431,244
432,247
432,247
432,247
433,247
434,247
434,247
435,247
435,247
435,247
435,247
435,247
435,247
435,247
435,247
435,247
435,247
435,247
435,247
433,247
432,246
431,246
431,246
431,246
431,246
430,246
429,241
429,235
429,232
430,228
430,227
430,227
430,227
430,227
430,227
430,227
430,227
431,230
434,233
436,234
436,234
436,234
436,234
436,234
436,234
435,234
430,235
419,240
413,245
410,249
409,250
409,250
409,250
409,250
409,250
409,250
409,250
409,245
409,243
409,243
409,242
409,240
409,239
409,239
409,239
409,239
409,239
409,239
407,240
405,242
405,243
405,243
405,244
405,245
404,247
402,250
400,255
400,255
400,255
400,255
400,255
405,254
416,251
419,249
422,246
423,245
423,243
423,243
423,242
423,240
423,240
423,239
424,236
424,232
426,226
426,224
427,223
427,223
427,223
427,223
427,223
427,223
427,223
427,223
427,223
427,223
425,223
425,223
422,228
421,231
420,234
418,237
418,239
418,239
418,239
418,239
418,239
419,238
419,238
421,237
422,233
422,230
422,226
423,223
423,221
423,221
423,220
423,220
423,220
423,220
423,220
423,223
423,223
423,226
425,230
426,231
426,231
426,231
426,231
427,232
427,232
427,232
427,232
427,232
427,233
427,233
427,233
427,233
427,233
427,233
427,233
428,233
429,233
431,234
431,234
431,235
431,236
430,240
428,244
428,245
428,245
428,245
428,245
428,245
428,245
428,245
428,245
428,245
428,244
428,244
428,244
428,244
428,244
429,244
430,243
431,243
432,243
433,243
434,241
435,241
435,240
435,240
433,240
422,240
411,243
403,249
395,256
391,263
389,265
389,265
389,265
389,260
395,254
396,254
395,254
392,257
385,261
385,261
385,261
385,261
385,261
385,261
385,261
385,259
385,259
385,259
385,259
385,259
385,259
385,259
385,256
385,255
425,225
426,225
424,225
424,225
424,226
424,226
424,226
424,226
424,226
424,226
424,226
424,227
424,227
424,227
424,227
424,227
424,227
424,227
424,227
424,227
425,227
426,234
426,234
426,234
426,234
426,234
426,234
426,234
426,234
426,234
426,234
426,234
423,237
422,238
421,240
420,240
420,240
420,240
420,240
420,240
420,240
422,234
422,234
422,234
422,234
422,234
422,234
422,234
422,234
422,234
422,234
421,239
425,238
425,238
426,238
426,237
426,237
426,237
426,237
426,237
426,237
426,237
432,243
438,243
438,243
438,243
438,243
438,243
438,243
438,243
438,243
440,241
447,231
447,231
447,231
447,231
447,231
447,231
447,231
447,231
447,231
447,231
447,231
444,231
436,233
436,233
436,233
436,233
436,233
436,233
436,233
436,233
436,233
436,233
436,233
436,233
436,233
436,233
436,233
436,233
436,233
436,233
436,233
436,233
431,235
431,235
431,235
431,235
431,235
429,235
426,235
424,236
422,237
417,240
415,242
414,243
413,243
414,242
414,238
414,238
414,238
414,238
414,238
414,238
414,237
414,237
414,235
414,233
414,229
414,227
414,227
413,227
402,243
402,243
402,243
402,243
402,243
402,243
402,243
399,243
397,245
393,248
392,249
419,224
419,224
419,224
420,224
420,224
421,224
421,224
421,224
421,224
423,224
435,232
435,232
435,232
435,232
435,232
435,232
435,232
435,232
435,232
435,232
435,232
435,232
435,232
435,232
435,232
435,232
435,232
431,233
430,236
430,237
430,237
430,237
430,237
430,237
430,237
430,237
430,237
430,237
430,237
430,237
430,237
430,237
430,237
430,237
430,237
430,237
430,237
430,237
431,235
431,235
431,235
431,235
431,235
431,235
431,235
431,235
431,235
433,233
433,233
434,233
434,232
435,232
435,231
435,231
435,231
435,231
437,226
437,226
438,224
438,224
438,224
438,224
438,224
438,226
438,226
438,226
438,226
438,226
438,226
438,226
438,226
438,226
438,230
438,230
438,230
438,230
438,230
438,230
438,230
438,230
438,230
438,230
438,228
438,227
438,227
438,227
438,221
430,227
430,227
430,227
430,227
430,227
430,227
391,242
391,242
391,242
391,242
391,242
391,242
391,242
391,242
391,242
391,242
391,242
399,242
399,242
399,242
399,242
399,242
399,242
399,242
399,242
399,242
399,242
398,244
398,244
398,244
398,244
398,244
398,244
398,244
397,244
397,244
397,244
397,244
397,244
397,244
397,244
397,244
397,244
397,244
397,244
387,270
387,270
387,270
387,270
387,270
387,270
387,270
386,270
386,270
386,270
386,270
386,270
385,270
385,270
384,270
384,270
384,270
383,283
384,284
384,284
384,284
384,284
384,284
384,284
384,284
384,284
385,284
386,284
387,284
387,284
387,284
387,284
387,284
387,284
387,284
387,284
387,284
387,284
387,284
387,284
387,284
387,284
387,284
387,284
389,285
390,285
390,285
391,285
392,285
394,284
396,284
398,284
399,284
399,284
399,284
396,285
396,285
396,285
396,285
396,285
396,285
396,285
396,285
396,285
396,285
397,267
395,267
395,267
395,267
395,267
395,267
395,267
395,267
395,267
395,267
395,267
395,267
395,267
397,246
397,245
397,245
397,245
397,245
397,245
397,245
397,245
396,245
396,245
396,245
396,245
395,245
390,241
390,241
390,241
390,241
390,241
390,241
390,241
390,241
390,241
390,241
390,241
390,241
390,228
390,218
390,218
390,218
390,218
390,218
390,218
390,218
398,210
399,209
399,209
399,209
399,209
399,209
399,209
399,209
405,203
410,205
410,205
410,205
410,205
410,205
410,205
416,205
420,210
420,210
420,210
420,210
420,210
420,210
420,210
421,214
422,217
423,219
423,219
423,219
423,219
423,219
425,227
427,229
427,230
427,230
427,230
427,230
427,231
427,231
427,231
427,245
422,248
422,248
422,248
422,248
422,248
408,250
407,250
407,250
407,250
407,250
407,250
407,250
407,250
407,250
407,250
396,264
394,274
394,274
394,274
394,274
394,274
394,274
369,280
365,281
365,281
364,280
364,270
365,267
398,265
402,266
409,266
423,260
421,248
421,246
421,245
415,233
415,233
413,231
411,227
411,227
408,227
408,227
404,228
404,228
404,228
404,228
405,227
405,227
405,227
405,227
405,227
405,227
408,223
410,221
410,221
410,221
410,221
410,221
410,221
410,221
410,221
410,221
410,221
410,221
410,221
410,221
410,221
410,221
410,221
401,258
399,251
386,259
385,261
379,268
378,269
363,269
361,269
360,271
360,272
361,272
362,273
362,273
362,273
362,273
363,277
363,277
363,277
363,277
363,278
363,278
366,282
366,282
366,282
366,282
366,282
366,282
366,282
366,282
366,282
366,282
365,283
361,285
360,285
359,285
359,285
359,285
359,285
359,284
355,281
355,281
355,281
355,281
355,281
355,281
355,281
333,283
333,283
333,283
333,283
333,283
331,283
329,282
328,282
319,285
325,297
325,297
325,297
325,297
325,297
325,297
325,297
323,297
318,298
318,298
318,298
318,298
318,298
318,298
318,298
318,298
318,298
324,291
324,291
324,292
340,293
340,293
340,293
340,293
340,293
341,293
354,285
354,285
353,286
352,287
351,287
350,287
350,287
350,287
350,287
350,287
350,287
350,287
350,287
350,287
350,287
350,287
350,285
348,273
344,273
344,273
344,273
344,273
344,273
343,272
344,270
346,267
346,267
346,267
346,267
346,267
346,267
346,267
346,267
347,256
347,256
347,255
347,254
347,254
347,254
347,254
349,256
350,257
352,259
352,259
352,259
352,259
349,262
349,262
349,262
349,262
349,262
349,262
348,263
346,263
346,263
346,263
346,263
346,263
346,263
346,263
346,263
346,263
346,272
346,276
346,276
346,276
346,276
346,276
346,276
346,276
346,276
346,276
346,276
346,277
346,279
346,279
346,279
346,279
346,279
346,279
346,279
346,279
346,279
356,277
363,277
366,268
366,268
366,268
366,268
366,268
366,268
366,260
367,268
359,272
346,275
344,276
344,295
344,297
342,305
342,308
342,309
347,311
358,311
363,310
358,309
341,306
340,306
340,305
340,305
340,305
340,305
340,305
340,305
340,305
340,305
340,305
368,298
372,294
380,287
382,246
382,243
383,229
383,228
381,236
381,244
382,251
385,270
384,267
383,266
383,266
381,274
381,280
381,280
381,280
380,280
373,276
372,275
368,275
367,275
367,275
367,275
367,275
368,272
368,272
368,272
368,272
372,273
378,277
378,277
378,277
378,277
378,277
378,277
378,278
378,281
378,281
378,281
378,281
378,281
378,281
378,280
376,274
374,271
367,269
367,269
367,269
367,269
365,268
364,268
364,268
364,268
364,268
364,268
364,268
364,268
364,268
401,261
409,258
427,252
430,251
427,256
427,266
427,266
411,265
406,265
401,266
383,265
383,265
382,265
379,264
376,264
374,264
373,272
373,273
370,274
365,282
360,288
358,292
354,296
346,299
348,300
349,300
351,300
351,300
352,301
358,304
359,304
359,304
359,304
360,304
360,302
360,295
360,295
360,295
359,293
357,290
356,290
356,290
356,290
356,290
356,290
356,290
356,290
355,290
355,289
350,283
350,282
350,282
351,282
353,282
353,282
353,282
353,282
353,282
353,282
353,282
353,282
353,282
353,280
353,280
353,280
353,280
353,279
352,278
351,277
351,277
351,277
351,277
351,277
351,277
351,277
349,276
349,276
349,276
349,276
349,276
349,276
349,276
349,273
349,271
349,270
352,272
353,273
353,273
353,273
352,273
352,274
352,274
352,274
352,274
352,274
352,274
352,274
352,279
352,279
352,279
352,279
352,279
352,279
352,279
352,279
352,279
366,275
373,272
373,272
366,272
355,274
356,278
356,282
356,283
356,283
356,283
356,283
356,283
356,283
356,283
356,283
356,283
356,283
356,283
358,284
369,284
380,282
383,281
394,276
402,275
418,277
419,277
414,276
395,271
391,273
391,275
384,290
384,290
384,290
373,291
368,292
359,292
357,292
357,292
359,289
359,289
359,289
359,289
359,289
359,289
359,290
361,288
361,288
361,288
361,288
361,288
361,288
361,288
361,288
361,288
361,288
361,288
361,288
