236 189
236 189
236 189
236 189
236 189
236 189
236 189
236 189
236 189
236 189
236 189
236 189
236 189
236 189
236 189
236 189
236 189
236 189
236 189
236 189
236 189
236 189
236 189
236 189
236 189
236 189
236 189
236 189
236 189
236 189
236 189
236 189
236 189
236 189
236 189
236 189
236 189
236 189
236 189
236 189
236 189
236 189
236 189
236 189
236 189
236 189
236 189
236 189
236 189
236 189
236 189
236 189
236 189
236 189
236 189
236 189
236 189
236 189
236 189
236 189
236 189
236 189
236 189
236 189
236 189
236 189
236 189
236 189
236 189
236 189
236 189
236 189
236 189
236 189
236 189
236 189
236 189
236 189
236 189
236 190
237 190
239 190
239 190
240 189
241 189
242 188
242 188
244 187
244 187
244 187
245 187
245 187
246 187
246 187
246 187
247 187
247 187
247 187
247 187
247 187
247 187
247 187
247 187
247 187
247 187
247 187
247 187
247 187
249 187
251 187
251 187
251 187
251 187
251 187
251 187
251 187
251 187
251 187
251 187
251 187
251 187
251 187
251 187
251 187
251 187
251 187
251 187
251 187
251 187
251 187
251 187
251 187
251 187
251 187
251 187
251 187
251 187
251 187
251 187
251 187
251 187
251 187
251 187
251 187
251 187
251 187
251 187
251 187
251 187
251 187
251 187
251 187
251 187
251 187
251 187
251 187
251 187
251 187
251 187
251 187
252 187
252 188
252 188
252 189
252 189
252 190
252 191
252 192
252 192
252 193
252 193
252 193
252 193
252 193
252 193
252 193
252 193
252 193
252 193
252 193
252 194
252 195
252 197
252 198
252 198
252 198
252 198
252 198
252 198
252 198
252 198
252 198
252 198
252 199
252 200
251 201
250 201
250 202
250 202
249 198
249 198
249 198
249 198
249 198
249 198
249 198
249 198
249 198
249 198
249 198
249 198
249 198
249 198
249 198
249 198
249 198
249 198
249 198
249 198
249 198
249 198
249 198
249 198
249 198
249 198
249 198
249 198
249 198
249 198
249 198
249 198
249 198
249 199
249 199
249 199
249 199
249 200
249 200
249 200
249 200
249 200
249 200
249 200
249 200
249 200
249 200
249 200
250 200
250 200
250 200
250 200
250 200
251 199
251 198
251 198
251 198
252 197
252 197
252 197
252 197
252 197
253 197
255 197
256 197
257 197
258 197
259 197
260 197
260 197
260 197
260 197
260 197
261 197
261 197
261 197
262 197
262 197
263 197
263 197
264 197
264 197
264 197
264 197
264 197
265 197
265 197
265 197
265 197
265 197
265 197
265 197
265 197
265 197
265 197
265 197
265 197
260 186
258 185
258 185
258 185
258 185
258 185
258 185
258 185
258 185
258 185
258 185
258 185
258 185
258 185
258 185
258 185
258 185
258 185
258 185
258 185
258 185
258 186
258 186
258 186
258 186
258 186
258 186
258 186
258 187
259 187
259 187
260 187
261 188
261 188
262 189
263 189
264 189
264 190
264 190
264 190
264 190
264 190
264 190
264 190
264 190
264 190
264 190
264 189
264 189
264 188
264 188
264 188
264 187
264 187
265 187
265 186
265 185
265 185
265 185
265 185
265 185
265 184
265 184
265 184
265 184
265 184
265 184
265 184
265 184
265 184
265 183
266 183
266 183
266 183
266 183
266 183
266 183
266 183
266 183
266 183
266 183
266 183
266 183
266 183
266 183
266 183
266 183
266 183
266 183
266 183
266 183
266 183
269 179
269 179
269 179
265 179
262 177
262 175
262 175
262 174
262 173
264 173
265 173
265 175
265 176
265 177
265 177
265 177
265 177
265 177
265 177
265 177
265 177
266 177
266 178
266 178
266 178
267 179
268 179
268 180
268 180
268 181
269 181
269 181
269 181
269 181
269 181
269 181
269 181
269 181
269 181
269 181
269 182
269 182
270 182
270 182
270 182
270 182
270 171
270 169
270 169
270 169
270 169
270 169
270 169
270 169
270 169
270 169
270 169
269 169
269 169
269 169
269 169
269 169
269 169
269 169
269 169
269 169
268 169
268 169
268 169
268 169
268 169
268 169
268 169
268 169
268 169
268 169
268 170
268 170
268 170
268 170
268 171
270 172
270 172
271 173
271 173
272 174
272 174
272 174
272 174
272 174
273 174
273 174
273 174
273 175
273 175
273 176
274 177
274 177
275 177
275 177
275 177
275 177
275 177
275 177
275 177
275 177
270 175
266 174
266 174
266 174
266 174
266 174
266 174
266 174
266 174
266 174
266 174
266 174
266 174
266 174
266 174
266 174
266 174
266 174
266 174
266 174
266 174
266 174
266 174
266 175
266 175
266 175
266 175
266 176
266 177
267 179
267 180
267 181
268 182
268 183
269 184
269 184
269 184
270 184
270 185
270 185
270 185
271 187
272 187
272 187
272 187
272 187
272 187
273 187
273 187
273 186
273 186
273 186
273 186
273 186
273 186
273 186
273 186
273 186
273 186
273 186
273 186
273 186
273 186
273 186
273 186
273 186
273 186
273 186
273 186
273 186
273 186
273 186
273 186
273 186
273 186
273 187
273 188
273 188
273 188
273 188
273 189
273 189
273 189
273 189
273 189
273 190
274 190
274 190
275 190
275 191
275 191
275 191
275 191
275 191
275 189
275 188
275 187
273 181
271 178
271 175
270 175
276 177
278 177
278 177
278 174
278 174
278 174
278 174
278 174
278 174
278 174
278 174
278 174
278 174
278 174
278 174
279 174
279 174
279 174
279 174
279 174
279 174
279 174
279 174
279 174
279 174
279 174
279 174
279 174
279 174
279 174
283 175
283 175
283 175
283 175
283 175
283 175
283 175
283 175
283 175
283 175
283 175
283 174
283 174
283 174
283 173
283 173
283 173
283 173
283 173
283 173
281 173
281 173
281 173
281 173
281 173
282 173
282 173
282 173
282 173
282 173
282 173
282 173
282 173
282 172
282 171
282 170
282 170
282 170
282 170
282 170
282 170
282 170
282 170
282 170
282 170
282 170
282 170
282 170
282 170
282 170
282 170
282 170
282 170
282 170
282 170
282 171
282 173
282 173
282 173
282 173
282 173
282 173
282 173
282 173
282 174
282 174
273 178
268 179
268 179
268 179
268 179
268 179
268 179
268 179
268 179
268 179
268 179
268 179
268 179
268 179
268 179
268 179
268 181
268 182
268 182
268 184
268 185
268 186
268 186
268 187
268 187
268 188
269 188
269 188
270 188
270 189
271 189
272 190
272 191
272 194
272 195
273 196
273 197
273 197
273 197
273 198
273 198
273 198
273 198
279 197
279 197
279 197
279 196
279 196
279 196
279 196
279 196
279 196
279 196
279 196
279 196
279 196
279 196
279 196
279 196
279 196
279 196
279 196
279 196
279 196
279 196
279 196
279 196
279 196
279 200
279 200
279 201
279 201
279 201
279 201
279 201
279 201
279 201
279 201
279 201
279 201
280 201
280 201
280 201
281 201
281 201
282 201
282 201
282 201
282 201
283 201
283 201
283 201
283 201
283 201
283 201
283 201
283 201
283 201
283 201
283 201
283 201
280 185
277 179
277 179
277 179
277 179
277 179
277 179
277 179
277 179
277 179
277 179
277 179
277 179
277 179
277 179
277 179
277 179
277 179
277 179
277 179
277 179
277 179
277 179
277 179
277 179
277 179
277 179
277 179
277 179
277 179
277 161
277 159
277 159
277 159
277 159
277 159
280 162
280 165
280 165
280 165
280 165
280 165
280 165
280 165
280 165
280 165
280 165
280 165
280 165
280 165
280 165
280 165
280 165
280 165
280 165
280 165
280 165
280 165
280 165
280 165
280 165
280 165
280 165
280 165
280 165
280 165
280 165
280 165
280 165
280 165
280 165
280 165
280 165
280 165
280 165
280 165
280 165
280 165
280 165
280 165
280 165
280 165
280 165
280 165
280 165
280 165
280 165
280 165
280 165
280 165
280 165
280 165
280 165
280 165
280 167
280 168
280 169
282 171
282 172
282 172
282 173
282 173
282 174
282 174
282 174
283 174
283 174
283 174
283 174
283 175
284 176
284 177
284 178
284 178
284 179
284 179
284 179
284 179
284 181
284 181
284 183
284 183
284 184
284 185
284 185
284 185
284 185
284 185
284 185
284 184
284 184
284 183
284 183
284 182
284 181
285 180
285 180
286 180
286 180
286 180
287 180
287 180
287 180
287 180
287 180
287 180
287 180
287 180
287 181
288 184
289 186
290 187
290 187
290 187
290 187
290 187
290 187
290 187
290 188
290 188
294 196
295 199
296 202
297 202
297 202
297 202
297 202
297 202
297 202
297 202
297 202
297 201
297 200
297 200
297 200
297 200
297 200
297 199
297 198
297 197
297 194
297 189
297 186
297 184
297 183
297 182
297 182
297 181
297 181
297 181
297 181
297 181
297 181
297 181
297 181
297 180
297 180
297 180
297 180
297 180
297 180
297 180
297 180
297 180
297 180
297 180
297 180
297 180
297 180
297 180
297 180
297 180
297 180
297 180
297 180
297 180
297 180
297 180
297 180
297 180
297 180
297 180
297 180
297 180
297 181
297 181
297 182
298 183
301 185
303 186
304 186
305 186
305 186
305 186
305 186
305 186
305 185
305 183
304 181
302 180
301 179
300 179
298 178
297 177
296 177
294 176
294 176
293 176
292 176
292 176
291 176
291 176
291 176
291 176
291 177
291 179
291 182
292 183
292 184
292 184
292 184
292 184
292 184
292 184
292 184
292 184
292 184
292 184
292 184
292 184
292 184
292 184
292 184
292 184
292 184
292 184
292 184
292 184
292 184
292 184
292 184
292 184
292 184
292 184
292 184
292 184
292 184
292 184
292 184
292 183
292 183
292 183
292 183
292 183
292 183
292 183
291 183
291 183
291 182
290 182
290 182
290 182
289 182
289 182
289 182
289 182
289 182
289 182
288 182
288 182
288 182
288 182
288 182
288 182
288 182
288 183
288 183
288 183
288 183
288 183
288 183
288 183
288 183
288 183
288 183
288 183
288 183
288 183
288 183
288 183
288 183
288 183
288 183
288 183
288 183
288 183
288 183
288 183
288 184
288 184
288 185
288 186
288 186
288 186
288 187
288 187
288 187
288 188
288 188
288 189
288 190
288 192
288 194
289 195
289 196
291 198
291 199
292 199
292 200
292 200
292 200
292 200
292 200
292 200
292 200
292 200
292 200
292 200
292 200
292 201
291 202
291 203
291 203
291 203
291 203
291 203
291 203
291 203
291 203
291 203
291 203
291 203
291 203
291 203
291 203
291 203
291 199
291 197
291 194
291 193
291 191
291 190
291 190
291 190
291 190
291 190
291 190
291 190
291 190
291 190
291 190
291 190
291 190
291 190
291 190
291 190
291 190
291 190
291 190
291 190
291 190
291 190
291 190
291 190
291 190
291 190
291 190
291 190
291 190
291 190
291 190
291 190
291 190
291 190
291 190
291 190
291 190
291 190
291 190
291 190
291 190
291 190
291 190
291 190
291 190
291 190
291 190
291 190
291 190
291 190
291 190
291 190
291 190
291 190
291 190
291 190
291 190
291 190
291 190
291 190
291 190
291 190
292 190
292 191
292 191
292 192
292 193
292 193
292 194
292 196
292 198
292 199
292 201
292 201
292 202
292 203
292 203
292 203
292 203
292 203
292 203
292 203
292 203
292 203
292 203
292 203
291 203
291 203
291 203
291 204
291 205
291 205
291 206
291 206
291 206
291 206
291 206
290 207
290 207
290 207
290 207
290 207
290 207
290 207
290 207
290 207
290 207
290 206
290 202
290 199
291 199
292 198
292 196
293 194
293 193
293 191
294 189
294 188
294 187
294 186
294 185
294 185
295 185
295 185
295 185
295 185
295 185
295 185
295 185
296 185
296 185
297 185
297 185
298 185
299 186
299 186
300 186
300 187
300 187
300 188
300 188
301 188
301 188
301 188
301 189
301 189
301 189
301 189
301 189
300 189
299 189
298 189
297 189
297 189
296 188
296 188
295 187
294 187
294 187
294 187
293 186
292 186
292 186
291 186
291 186
291 186
290 185
290 185
290 185
290 185
290 185
290 185
290 185
290 185
290 185
290 185
290 185
290 185
290 185
290 185
290 185
290 185
290 185
290 185
290 185
290 185
290 185
290 185
290 185
290 185
290 185
290 185
290 185
290 185
290 185
290 185
290 185
290 185
290 185
290 185
290 185
290 185
290 185
291 185
291 185
291 185
291 185
291 185
291 185
291 184
291 184
291 183
291 183
291 182
291 181
292 181
293 181
295 181
296 181
297 181
298 181
299 182
299 182
299 182
299 182
299 182
299 182
299 182
299 182
299 183
299 184
299 184
299 184
299 184
299 184
299 185
299 185
299 185
299 186
299 186
299 186
299 186
299 186
299 186
299 186
299 186
299 186
299 186
299 186
299 186
299 186
299 186
299 186
299 186
299 186
299 186
299 186
299 186
299 186
299 186
299 186
299 186
299 186
299 186
300 186
302 187
303 187
303 188
303 188
303 188
303 188
303 188
303 188
303 189
303 190
303 190
303 190
303 190
303 190
303 191
303 191
303 191
303 191
303 191
303 192
303 192
303 193
303 193
303 193
303 193
303 193
303 193
303 193
303 193
303 193
304 193
304 193
304 193
305 193
305 193
305 193
305 193
305 193
305 193
305 193
305 193
305 193
305 193
305 193
305 193
305 194
305 194
305 194
305 194
304 194
304 194
304 194
303 194
302 194
302 194
301 194
301 194
301 194
301 193
301 193
301 193
301 193
301 192
301 192
301 192
301 192
301 192
301 192
