215 179
215 179
215 179
215 179
215 179
215 179
215 179
215 179
215 179
215 179
215 179
215 179
215 179
215 179
215 179
215 179
215 179
215 179
215 179
215 179
215 179
215 179
215 179
215 179
215 179
215 179
215 179
215 179
215 179
215 179
215 179
215 179
215 179
215 179
215 179
215 179
215 179
215 179
215 179
215 179
215 179
215 179
215 179
215 179
215 179
215 179
215 179
215 179
215 179
215 179
215 179
215 179
215 179
215 179
215 179
215 179
215 179
215 179
215 179
215 179
215 179
215 179
215 179
215 179
215 179
215 179
215 179
215 179
215 179
215 179
215 179
215 179
215 179
215 179
215 179
215 172
215 172
215 171
215 171
215 170
215 170
215 170
215 170
215 170
215 170
215 170
215 170
215 170
215 170
215 170
215 170
215 170
215 170
215 170
215 170
215 170
215 170
215 170
215 170
215 171
215 173
215 173
215 174
215 174
215 175
215 175
215 176
215 176
215 177
215 177
215 177
214 177
214 177
213 177
213 177
213 178
213 180
213 181
213 181
213 181
213 181
213 181
213 181
214 181
214 181
215 181
216 181
217 181
218 181
218 181
219 181
219 181
220 181
220 181
221 181
222 181
222 181
222 181
223 181
223 181
224 181
224 181
224 181
224 181
224 181
224 181
224 181
224 181
224 181
224 181
224 181
224 181
224 181
224 181
224 181
224 181
224 181
224 181
224 181
224 182
223 184
223 185
223 186
222 186
222 186
222 186
221 186
221 186
221 186
220 187
218 188
218 189
218 190
217 190
217 191
216 191
216 192
216 192
216 192
216 192
216 192
216 192
216 191
216 190
216 190
216 190
216 190
216 190
216 190
216 190
216 190
216 189
216 189
217 189
217 189
217 189
217 189
218 189
218 189
218 189
218 189
219 189
219 189
219 189
219 189
219 189
220 189
220 189
221 189
221 189
222 189
222 189
223 189
223 189
223 189
223 189
223 189
223 189
223 189
223 189
223 189
223 189
223 189
224 189
225 189
226 189
227 189
228 189
228 189
228 189
229 189
229 189
229 189
230 189
230 189
230 189
230 189
230 189
230 189
230 189
230 189
230 189
230 189
230 189
230 189
230 189
230 190
230 190
230 190
230 191
230 191
230 191
230 191
229 191
229 192
228 192
228 192
227 192
225 192
224 192
222 192
221 192
221 192
221 192
220 192
220 192
220 192
220 192
220 192
220 192
220 192
219 192
219 192
219 192
219 192
219 192
219 192
219 192
219 192
219 192
219 192
219 192
219 192
219 192
219 192
219 192
220 192
221 192
221 192
222 192
223 192
224 192
225 192
225 192
226 192
227 192
228 192
228 192
230 191
231 191
233 191
236 190
236 190
237 190
238 189
238 189
239 189
239 189
239 189
239 189
239 189
239 189
239 189
240 189
243 188
244 188
245 188
245 188
245 188
245 188
245 188
245 188
245 188
245 188
245 188
245 188
245 188
245 188
245 188
245 188
245 188
245 188
245 188
245 188
245 188
245 188
245 187
245 186
244 185
244 183
243 182
241 181
241 180
239 179
238 179
237 179
236 179
235 179
234 179
234 179
233 179
232 179
231 179
230 179
229 179
229 179
229 179
228 179
228 179
228 179
226 179
225 179
223 179
221 179
220 179
219 179
219 179
218 179
217 179
216 179
215 179
212 179
211 179
210 179
209 179
208 179
208 179
207 179
207 179
207 179
207 179
207 179
207 180
207 180
207 180
207 181
207 181
207 181
207 181
207 181
207 181
207 181
207 181
207 181
208 181
208 181
208 181
208 181
208 181
208 181
208 179
208 178
208 178
208 177
208 177
208 177
208 177
208 177
208 177
208 177
208 177
208 177
208 177
208 177
208 178
208 180
208 181
208 183
208 184
207 185
207 185
207 186
206 187
206 187
205 188
205 189
204 190
204 191
204 191
203 192
203 192
203 193
202 194
201 194
200 195
200 195
200 196
200 197
199 197
199 197
199 197
199 197
199 197
199 197
199 197
202 196
204 195
206 193
209 191
211 191
212 191
213 190
214 190
215 190
215 190
215 190
215 190
216 190
216 190
217 190
219 190
219 190
220 190
220 190
220 190
220 190
220 190
220 190
220 190
220 191
220 191
220 191
220 191
220 191
220 191
220 191
220 191
220 192
220 192
220 192
220 192
220 192
220 192
220 192
220 192
220 192
220 192
220 192
220 192
220 193
220 193
220 194
220 196
220 196
220 196
220 196
220 196
220 196
220 196
220 196
220 196
220 196
220 196
220 196
220 196
220 196
220 196
220 196
219 196
219 196
219 196
219 196
219 196
218 196
218 196
218 196
218 196
218 196
218 196
218 196
218 196
218 196
218 196
218 196
218 196
218 196
218 196
218 196
218 196
218 196
218 196
218 196
218 196
218 196
218 196
218 196
218 196
218 196
218 196
218 196
218 196
218 196
218 196
218 196
218 196
218 196
218 196
218 196
218 196
218 196
218 196
218 196
221 194
226 192
292 173
279 180
279 180
279 180
279 180
279 180
279 180
279 180
279 179
280 179
281 179
281 179
281 179
281 178
282 177
282 176
282 176
283 176
283 175
283 175
283 175
283 175
283 175
284 175
284 174
284 174
284 174
284 174
284 174
285 174
285 173
286 173
286 173
287 173
287 173
287 173
288 173
288 173
288 173
288 173
288 173
289 173
289 173
289 173
289 173
290 173
290 173
290 173
290 173
290 173
290 173
290 173
290 173
291 173
291 173
291 173
291 173
291 173
292 173
292 172
293 172
293 172
294 172
294 172
294 172
294 172
294 171
294 171
294 170
294 170
294 168
294 168
294 168
294 168
294 168
294 168
294 168
294 168
294 168
294 168
294 168
294 167
294 167
294 167
294 167
294 167
294 165
294 165
294 165
294 164
294 163
294 162
294 161
294 160
294 160
294 160
294 160
294 160
294 160
295 159
297 159
298 158
298 158
298 158
299 158
299 158
299 158
299 158
300 158
300 158
301 158
302 157
302 157
303 157
303 157
303 156
303 156
303 156
303 156
303 156
303 156
303 156
303 156
304 156
304 156
304 156
305 156
306 156
306 156
307 156
308 157
308 157
308 158
308 159
308 159
308 160
308 160
308 161
308 161
308 161
309 161
310 161
311 161
312 161
313 161
314 161
315 161
315 161
316 161
316 161
317 161
317 161
318 161
319 161
319 161
319 162
319 162
319 162
321 147
332 130
332 129
332 129
333 128
334 128
334 136
334 140
336 142
336 144
341 149
345 150
351 150
356 153
357 153
362 153
369 153
370 153
372 153
372 153
372 153
366 153
361 149
360 147
359 147
358 146
355 151
352 158
347 162
346 167
345 171
345 175
345 176
345 178
345 181
351 188
356 200
356 200
359 200
362 204
350 201
347 197
346 196
346 196
346 198
342 219
339 227
339 227
339 228
338 230
337 232
335 226
335 219
336 217
340 216
348 219
350 232
350 240
350 241
350 240
350 239
350 242
347 242
346 242
346 242
346 242
346 242
344 227
344 226
344 226
344 225
344 224
344 223
344 219
344 208
344 205
343 199
343 199
343 199
343 198
343 198
342 198
339 191
339 191
339 191
339 191
339 191
338 191
338 191
337 190
337 189
336 188
336 188
335 188
335 186
335 185
334 184
333 182
331 180
330 180
328 178
324 178
323 177
323 177
323 177
323 177
323 176
323 176
323 176
323 176
323 176
323 176
323 176
323 176
323 176
323 176
323 176
323 176
323 176
323 176
323 176
323 176
323 176
323 176
323 176
323 176
323 176
323 176
323 176
323 176
323 176
323 176
323 176
323 176
323 176
323 176
323 176
323 176
323 176
323 176
323 176
323 176
323 176
323 176
323 176
323 176
323 176
323 176
323 176
323 177
323 178
324 178
324 178
324 178
325 179
325 179
325 179
326 180
326 180
326 180
326 180
326 180
326 180
326 180
326 180
326 180
326 180
326 177
326 176
326 174
326 174
326 174
326 173
326 173
326 173
326 173
326 173
326 173
326 173
326 173
326 173
326 173
326 173
326 174
326 174
326 174
