172 143
172 143
172 143
172 143
172 143
172 143
172 143
172 143
172 143
172 143
172 143
172 143
172 143
172 143
172 143
172 143
172 143
172 143
172 143
172 143
172 143
172 143
174 143
174 144
175 147
175 148
176 148
176 149
176 149
177 150
177 150
177 151
177 151
177 151
178 151
178 151
178 151
178 151
178 151
178 151
178 151
178 151
178 151
178 151
178 151
178 151
178 151
178 151
178 151
178 151
178 151
178 151
178 151
177 152
176 152
175 152
175 152
175 152
174 152
174 152
174 152
174 153
174 153
174 153
174 153
174 153
174 153
174 153
174 153
174 153
174 153
174 153
174 153
174 153
174 153
174 153
174 153
174 153
174 153
174 153
174 153
174 153
174 153
175 153
175 153
175 153
175 153
175 153
176 153
176 153
176 153
176 153
176 153
176 153
176 153
176 153
177 153
177 153
177 153
177 153
177 153
177 153
177 153
177 153
177 153
177 153
177 153
177 153
177 153
177 153
177 153
177 153
177 153
177 153
177 153
177 153
177 153
177 153
177 153
177 153
177 153
177 153
177 153
177 153
177 153
177 153
177 153
177 153
177 153
177 153
176 153
175 153
175 153
175 153
175 153
174 153
174 153
174 153
174 153
174 153
174 153
174 153
174 153
174 153
174 153
174 153
174 153
176 153
176 153
176 154
177 154
177 155
177 155
178 155
178 155
178 156
178 156
178 156
178 156
178 156
178 156
178 156
178 156
178 156
178 156
178 156
178 156
178 156
178 156
178 156
178 156
178 156
178 156
178 156
178 156
178 156
178 156
178 156
178 156
178 156
178 156
178 156
178 156
178 156
178 156
178 156
178 156
178 156
178 156
178 156
178 156
178 156
178 156
178 156
178 156
178 156
178 156
178 156
178 156
178 156
178 156
178 156
178 156
178 156
178 156
178 156
178 156
178 156
178 156
178 156
178 156
178 156
178 156
178 156
178 156
178 156
178 156
178 156
178 156
178 156
178 156
178 156
178 156
178 156
178 156
178 156
178 156
178 156
178 156
178 156
178 156
178 156
178 156
178 156
178 156
178 156
178 156
178 156
178 156
178 156
178 156
178 156
178 156
178 156
178 156
178 156
178 156
178 156
178 156
178 156
178 156
178 156
178 156
178 156
178 156
178 156
178 156
179 156
180 156
181 156
182 156
183 156
183 155
183 155
183 155
183 155
183 155
183 155
183 155
183 155
183 155
183 155
183 155
183 155
183 155
183 155
183 155
183 155
183 155
183 155
183 155
183 155
183 155
183 155
183 155
183 155
183 155
183 155
183 155
183 155
183 155
183 155
183 155
183 155
183 155
183 155
183 155
183 155
183 155
183 155
183 156
183 157
183 158
183 159
182 159
181 159
179 159
178 159
178 159
177 159
177 159
177 159
177 159
177 159
177 159
177 159
177 159
177 159
177 159
177 159
177 159
177 159
177 159
177 159
177 159
177 159
177 159
177 159
177 159
177 159
177 159
177 159
177 159
177 159
177 159
177 159
177 159
177 159
177 159
177 159
177 159
177 159
177 159
177 159
177 159
177 159
177 159
177 159
177 159
177 159
177 159
177 159
177 159
177 159
177 159
177 159
177 159
177 159
177 159
177 159
177 159
177 159
177 159
177 159
177 159
177 159
177 159
177 159
177 159
177 159
177 159
177 159
177 159
177 159
177 159
177 159
177 159
177 159
177 159
177 159
177 159
177 159
176 159
176 159
176 159
176 159
175 159
175 159
175 159
174 159
174 159
174 159
173 159
173 159
173 159
173 159
172 159
172 159
172 159
172 159
172 159
172 159
172 159
172 159
172 159
172 159
172 159
172 159
172 159
172 159
172 159
172 159
171 159
170 159
170 159
169 159
167 159
167 159
166 159
166 159
165 159
165 159
165 159
164 159
164 159
164 159
164 159
164 159
163 159
162 159
161 159
160 159
160 160
160 160
160 161
160 161
160 162
160 162
160 162
160 164
160 165
160 166
159 168
158 169
157 170
157 171
157 171
156 171
156 171
156 171
156 171
156 171
156 171
156 171
156 171
156 172
155 172
155 173
155 173
155 173
155 173
155 173
155 173
155 173
155 173
155 173
155 173
155 173
155 173
154 175
154 176
153 176
153 176
153 176
153 176
153 176
153 176
153 175
153 174
153 173
153 172
153 171
153 170
153 170
153 170
153 169
153 169
153 169
153 169
153 169
153 169
153 169
153 169
153 169
153 170
153 170
153 170
153 170
153 170
153 170
153 170
153 170
153 170
153 170
153 170
153 170
153 170
153 170
153 170
153 170
153 170
153 170
153 170
153 169
153 167
154 166
155 165
156 165
156 165
157 165
157 165
158 165
158 165
158 165
158 167
158 170
158 172
158 174
155 177
154 178
152 179
152 179
152 179
152 179
152 179
152 179
152 179
152 179
152 179
152 179
152 179
152 179
152 179
152 179
152 179
152 178
152 178
152 178
152 178
152 178
152 178
152 178
152 178
152 178
152 179
152 179
152 179
152 179
152 179
152 179
152 180
152 180
152 181
152 182
152 182
152 182
152 182
152 182
152 182
152 182
152 182
153 182
154 182
154 182
155 181
155 179
155 178
156 178
156 178
156 177
156 177
156 177
156 177
156 177
156 177
156 177
156 177
156 177
156 177
156 177
156 177
156 176
156 175
156 174
156 174
156 174
156 174
156 174
156 174
156 174
156 174
156 174
156 174
156 174
156 174
156 174
156 174
156 174
156 174
156 174
156 174
156 174
156 174
156 174
156 174
156 174
156 174
156 174
156 174
156 174
156 174
156 174
156 174
156 173
156 173
156 172
156 170
156 169
156 167
156 166
157 164
159 162
160 162
161 161
163 161
163 161
165 161
167 161
168 161
168 161
169 161
170 161
172 161
176 161
178 162
181 162
183 162
185 162
187 162
189 163
190 163
191 163
192 163
192 163
192 163
192 163
192 163
192 163
192 163
192 163
192 163
192 163
192 163
192 163
192 163
192 163
192 163
192 163
192 163
192 163
192 163
192 163
192 163
192 163
191 163
191 163
191 163
190 164
190 164
189 164
189 164
188 164
188 164
188 164
188 164
188 164
188 164
187 164
187 165
186 165
185 165
185 165
185 165
185 165
184 165
184 166
184 166
184 166
184 166
184 166
184 166
184 166
184 166
184 166
184 166
184 166
184 166
184 166
184 166
184 166
184 166
184 166
184 166
184 166
184 166
184 166
184 166
184 166
184 166
184 166
184 166
184 166
184 166
184 166
183 166
181 166
180 166
177 166
175 167
172 169
169 175
168 179
167 185
166 186
165 190
165 192
165 192
165 192
165 192
165 192
167 192
170 192
174 191
177 189
180 187
182 184
183 180
184 177
184 176
184 175
184 174
184 174
184 173
184 173
184 173
184 173
184 173
184 173
184 173
184 173
185 176
185 177
186 177
186 177
186 178
186 178
186 178
187 178
187 178
187 178
187 178
188 178
188 178
189 178
189 178
190 178
191 178
191 178
191 178
192 178
192 178
192 178
192 178
192 178
192 178
192 178
192 178
192 178
192 178
192 178
192 178
192 178
192 178
192 178
192 178
192 178
192 178
192 178
192 178
192 178
192 178
192 178
192 178
192 178
192 178
192 178
192 178
192 178
192 178
192 178
192 178
192 178
192 178
192 178
192 178
192 178
192 178
192 178
192 178
192 178
192 178
192 178
192 178
192 177
192 176
192 176
192 174
192 172
191 171
186 169
185 168
181 166
180 166
178 164
177 163
176 163
174 162
172 161
170 159
169 157
169 157
169 157
169 157
169 157
169 157
169 157
168 157
165 157
162 159
158 160
157 162
155 163
154 163
154 164
154 164
154 164
154 164
154 164
154 165
154 165
154 165
154 165
154 165
154 165
154 165
154 165
154 165
154 165
154 165
154 165
154 165
154 165
154 165
153 165
153 165
153 165
152 165
152 165
152 165
152 165
152 164
152 164
152 164
152 164
152 164
152 164
152 163
152 163
152 163
152 163
152 163
154 163
154 163
154 163
154 163
154 163
154 163
154 163
154 163
154 163
154 163
154 163
154 163
154 163
154 163
154 163
154 163
154 163
154 163
154 163
154 163
154 163
154 163
154 163
154 163
154 163
154 163
154 163
154 163
154 163
154 165
154 168
154 170
154 173
154 174
154 175
154 176
154 177
154 177
154 177
154 177
154 177
154 177
154 177
154 177
154 177
154 177
154 177
154 177
154 177
154 177
154 177
154 177
154 177
154 177
154 177
154 177
154 177
154 177
154 177
154 177
154 177
154 177
154 177
154 177
154 177
154 177
155 177
156 176
156 176
156 176
156 176
156 176
156 176
156 176
156 176
156 176
156 176
156 176
156 176
156 176
156 176
156 176
156 176
156 176
156 176
156 176
156 176
156 176
156 176
156 176
156 176
156 176
156 176
156 176
156 176
156 176
156 176
156 176
156 176
156 176
156 176
156 176
156 176
156 176
156 176
156 176
156 176
156 176
156 176
156 176
156 176
156 176
156 176
156 176
156 176
156 176
156 176
156 176
156 176
156 176
156 176
156 176
156 176
156 176
156 176
156 176
156 174
156 173
156 173
156 173
156 172
156 172
156 172
156 172
156 171
156 171
156 171
156 170
156 170
156 170
156 170
156 169
156 169
157 169
157 169
157 169
157 169
157 169
157 169
157 169
157 169
157 169
157 169
157 169
157 169
157 169
157 169
157 169
157 169
157 169
157 169
157 170
157 171
157 171
157 171
157 172
157 172
157 172
157 172
157 172
157 172
157 172
157 172
157 172
157 172
157 172
157 172
157 172
157 172
157 172
157 172
157 172
157 172
157 172
157 172
157 172
157 172
157 172
157 172
157 172
157 172
157 172
157 172
157 172
157 172
157 172
157 172
157 172
157 172
157 172
157 172
157 172
157 172
157 172
157 172
157 172
157 172
157 172
157 172
157 172
157 172
157 172
157 172
157 172
157 172
157 172
157 172
157 172
157 172
157 172
157 172
157 172
157 172
157 172
157 172
157 172
157 172
157 172
157 172
157 172
157 172
157 172
157 172
157 173
157 173
157 173
157 174
157 174
157 176
157 177
157 178
156 180
156 180
156 181
155 181
155 181
155 182
155 182
155 182
155 182
155 182
155 182
155 182
155 182
155 182
155 182
155 182
155 182
155 182
155 182
155 182
155 182
