253 295
253 295
253 295
253 295
258 295
258 298
258 298
258 298
258 298
258 298
258 298
258 298
258 298
258 298
258 298
258 298
258 298
258 298
259 298
260 298
261 298
261 297
262 297
263 297
263 296
264 296
264 296
264 296
265 295
265 295
265 295
265 295
266 295
266 295
267 295
267 295
268 295
268 295
268 295
269 295
271 295
271 295
272 295
272 295
273 295
273 295
273 295
273 295
276 295
277 295
278 295
279 295
279 295
280 295
280 295
280 295
281 295
281 295
282 295
282 295
282 295
283 295
284 295
285 295
285 295
286 295
286 295
286 295
286 295
286 295
286 295
286 295
286 295
286 295
285 295
283 295
282 295
281 295
280 295
279 295
279 295
278 295
278 295
278 295
278 295
278 295
278 295
278 295
278 295
278 295
278 295
278 295
278 295
278 295
277 295
277 295
276 295
276 295
275 295
275 295
275 295
275 295
275 295
275 295
275 295
275 295
275 295
275 295
275 295
275 295
275 295
275 295
275 295
275 295
275 295
275 295
275 295
275 295
275 295
275 295
275 295
275 295
275 295
276 295
276 295
276 295
276 295
276 294
276 294
276 294
276 294
276 294
276 294
276 294
276 294
276 294
276 294
276 294
276 294
276 294
276 294
277 294
278 294
278 294
279 294
279 294
279 294
279 294
279 294
279 294
279 294
279 294
279 294
279 294
279 294
279 294
279 294
279 294
279 294
279 294
279 294
279 294
279 294
279 294
279 294
279 294
279 293
279 293
279 293
279 292
279 292
279 291
279 291
279 291
279 291
279 291
279 291
279 291
279 291
279 291
279 291
279 291
279 291
279 291
279 291
279 291
279 291
279 291
279 291
279 291
279 291
279 291
279 291
279 291
279 291
279 291
279 292
279 292
279 292
279 292
279 292
279 292
279 292
279 292
279 292
279 292
279 292
279 292
279 292
279 293
279 293
279 293
279 293
279 293
279 293
279 293
279 293
279 293
279 293
279 293
279 293
279 294
278 294
278 294
278 295
278 295
278 295
277 296
276 296
276 296
276 296
276 296
276 296
276 296
276 296
276 296
276 296
276 294
276 293
276 293
276 292
276 292
277 291
277 291
278 290
278 290
279 290
279 290
280 290
280 290
280 290
280 290
280 290
280 290
280 290
280 290
280 290
280 290
280 290
280 290
280 290
280 290
280 290
280 290
280 290
280 290
280 290
280 290
281 290
281 289
281 289
281 289
281 289
281 289
281 289
282 288
282 287
283 286
283 286
283 286
283 286
283 286
283 286
283 286
283 286
283 286
283 286
283 286
283 286
283 286
283 286
283 286
283 286
284 286
285 286
285 286
285 286
285 286
285 286
285 286
285 286
285 286
285 286
285 286
285 286
285 286
285 286
285 286
285 286
285 286
285 286
285 286
285 286
285 286
285 286
285 286
285 286
285 286
285 286
285 287
285 287
285 287
285 287
284 287
283 287
283 287
282 288
282 288
282 288
282 288
282 288
282 288
282 288
282 288
282 288
282 288
282 288
282 288
282 288
282 288
282 288
282 288
282 288
282 288
282 288
282 288
282 288
282 288
283 288
283 287
283 287
283 287
284 287
284 286
284 286
284 286
284 285
284 285
284 285
284 285
284 284
284 284
285 284
285 284
285 284
285 284
285 284
285 284
286 284
286 284
286 284
286 284
286 284
286 284
286 284
286 284
286 284
286 284
286 284
286 284
286 284
286 284
286 284
286 284
286 284
286 284
286 284
286 284
286 284
286 284
286 284
286 284
286 284
286 285
286 285
286 286
286 286
286 286
286 286
286 287
286 287
286 287
285 287
285 288
284 289
283 289
283 289
283 290
283 290
283 290
282 290
282 290
282 290
282 290
282 290
282 290
282 290
282 290
282 290
282 290
282 290
282 290
282 288
282 288
282 288
282 288
282 288
282 287
282 287
282 287
282 287
282 286
282 286
282 285
282 285
282 285
282 284
282 284
282 284
283 284
283 284
284 284
285 284
285 284
285 284
286 284
286 284
286 284
286 284
287 284
287 284
287 284
287 284
287 284
288 284
288 284
289 284
289 284
289 284
289 284
290 284
290 284
290 284
290 284
290 284
290 284
291 284
291 284
291 284
291 284
291 284
292 284
292 284
292 284
292 284
292 284
292 284
292 284
292 284
292 284
292 284
292 284
292 284
292 284
290 284
290 284
289 284
289 284
289 284
289 284
289 284
289 284
289 284
289 284
289 284
289 284
289 284
289 284
289 284
289 284
289 284
289 284
288 284
288 284
287 284
287 284
286 284
285 284
285 284
285 284
285 284
284 284
284 284
284 284
283 284
283 284
283 284
283 284
283 284
283 284
283 285
283 285
283 285
283 285
283 285
283 285
283 285
283 285
283 285
283 285
284 285
285 285
286 285
286 285
287 285
287 285
287 285
287 285
288 285
288 285
288 285
288 285
288 285
288 285
289 285
289 285
289 285
289 285
289 285
290 285
290 285
290 285
290 285
290 285
290 285
290 285
290 285
290 285
290 285
290 285
290 285
291 285
291 285
291 285
291 285
291 285
291 285
291 285
292 285
292 284
292 284
292 284
292 284
292 284
292 284
292 284
292 284
292 284
292 284
292 284
292 284
292 284
292 284
292 284
292 284
292 284
292 284
292 284
292 284
292 284
292 284
292 284
292 284
292 284
292 284
292 284
292 284
292 284
292 284
292 284
292 284
292 284
292 284
292 284
292 284
292 284
292 284
292 284
292 284
292 284
292 284
292 284
292 284
292 284
292 284
292 284
292 284
292 284
292 284
292 284
292 284
292 284
292 284
292 284
292 284
292 284
292 284
292 284
292 284
292 284
292 284
292 284
292 284
292 284
292 284
292 284
292 284
292 284
292 284
292 284
292 284
292 284
292 284
292 284
292 284
292 286
292 288
292 288
292 288
292 288
292 288
292 288
292 288
292 288
292 288
292 288
296 281
296 281
296 281
296 281
296 281
296 281
296 281
296 281
296 281
296 281
296 281
296 281
296 281
296 281
292 284
292 284
292 284
292 284
292 284
292 284
292 284
292 284
292 284
292 284
292 284
292 284
292 284
292 284
291 284
290 284
289 284
287 284
286 284
286 284
286 284
285 284
285 284
285 284
285 284
285 284
285 284
285 284
285 284
285 284
285 284
285 284
285 284
285 284
285 284
285 284
285 284
285 284
285 284
285 284
285 284
285 284
285 284
285 284
285 284
285 284
285 284
285 284
285 284
285 284
285 284
285 284
285 284
285 284
285 283
285 283
285 283
285 283
285 283
285 283
285 283
285 283
285 283
285 283
285 283
285 283
285 283
285 283
285 283
285 283
285 283
285 283
285 283
285 283
285 283
285 283
285 283
285 283
285 283
285 283
285 283
285 283
285 283
285 283
285 283
285 283
285 283
285 283
285 283
285 283
285 283
285 283
285 283
285 283
285 283
285 283
285 283
285 283
285 283
285 283
285 283
285 283
285 283
285 283
285 283
285 283
285 283
286 283
286 283
287 284
287 284
288 284
288 284
288 284
289 284
289 284
290 284
290 284
290 284
291 284
291 284
292 284
292 284
293 284
293 284
293 284
293 284
293 284
293 284
294 284
294 284
294 284
294 284
294 284
294 284
294 284
294 284
294 284
294 284
294 284
294 284
294 284
294 284
294 284
294 284
293 284
293 284
292 284
292 284
292 284
292 284
292 284
291 284
291 284
291 284
291 284
291 284
291 284
291 284
291 284
291 284
291 284
291 284
291 284
291 284
291 284
291 284
291 284
291 284
291 284
291 284
290 284
290 284
290 284
289 284
289 284
289 284
289 283
289 283
289 283
289 283
289 283
289 283
289 283
289 283
289 283
289 283
289 282
289 282
289 282
289 282
289 282
289 282
289 282
289 282
289 282
289 282
289 282
289 282
289 282
289 282
289 282
289 282
289 282
289 282
289 282
289 282
289 282
289 282
289 282
289 282
289 282
289 282
289 282
289 282
289 282
289 282
289 282
289 282
289 282
289 282
289 282
289 282
289 282
289 282
289 282
289 282
289 282
289 282
289 282
289 282
289 282
289 282
289 282
289 282
289 282
289 282
289 282
289 282
289 282
289 282
289 282
289 282
289 282
289 282
289 282
289 282
289 282
289 282
289 282
289 282
289 282
289 282
289 282
290 282
290 282
290 282
291 282
291 282
293 282
295 282
296 282
297 282
297 282
298 282
298 282
299 282
299 282
300 282
300 282
301 282
302 283
302 283
304 283
305 284
306 284
307 284
308 284
308 284
309 284
310 285
310 285
311 285
312 285
312 285
313 285
314 285
314 286
315 286
316 286
316 286
317 286
318 286
319 286
321 286
323 286
325 286
327 286
330 286
331 286
334 286
335 286
337 286
338 286
339 286
339 285
340 285
341 285
342 285
343 284
346 284
348 284
350 284
351 283
353 283
353 283
354 283
355 283
356 283
358 283
359 283
359 283
360 283
362 283
364 283
367 283
368 283
372 283
373 283
377 283
378 283
380 283
382 283
383 283
384 283
384 283
384 283
384 283
384 283
385 283
388 283
389 283
391 283
393 284
395 284
397 284
399 285
402 285
404 285
404 285
405 285
406 285
406 286
409 286
411 286
411 286
411 286
411 286
411 286
411 286
411 286
411 286
411 286
411 286
411 286
411 286
411 286
411 286
411 286
414 286
416 286
418 286
418 286
420 286
420 286
420 286
420 286
420 286
420 285
424 281
424 281
424 281
424 281
424 281
424 281
424 281
424 281
424 281
424 281
424 281
424 281
424 281
425 281
427 281
429 281
430 281
430 281
431 281
431 281
431 280
431 280
431 280
431 280
431 280
429 280
428 280
427 280
427 280
427 280
427 280
427 280
426 280
426 280
426 280
425 280
425 280
425 280
425 280
424 280
423 280
423 280
422 280
421 280
421 280
421 280
421 280
421 280
421 280
420 280
420 280
420 280
420 280
420 280
420 280
420 280
420 280
420 280
420 280
420 280
420 280
420 280
420 280
420 280
420 280
420 280
420 280
420 280
420 280
420 280
420 280
420 280
420 280
420 280
420 280
420 280
420 280
420 280
420 280
420 280
420 280
420 280
420 280
420 280
420 279
420 278
420 278
420 277
420 277
421 277
423 277
424 277
425 277
427 277
427 277
428 277
429 277
429 277
430 277
430 277
431 277
431 277
432 277
432 277
433 277
433 277
434 277
435 277
435 277
435 277
436 278
436 278
436 278
436 278
436 278
436 278
436 278
436 278
436 278
436 278
436 278
436 278
436 278
436 278
436 278
436 278
437 278
438 278
439 278
439 278
439 278
440 278
440 278
440 278
440 278
440 278
440 277
440 277
440 277
440 277
440 277
440 276
440 275
440 275
440 275
440 275
440 275
440 275
440 275
440 275
440 275
440 275
440 275
441 275
442 275
442 275
443 275
445 275
446 275
446 275
447 275
447 275
447 275
448 275
448 275
448 275
448 275
449 275
449 275
449 275
450 275
450 274
450 274
450 274
450 274
450 274
450 273
450 272
450 272
450 272
450 272
450 272
450 272
450 272
450 272
450 272
449 272
449 272
447 272
446 272
446 272
445 272
444 272
443 272
443 272
443 272
443 272
443 272
442 273
442 273
442 273
442 273
442 273
442 273
442 273
442 273
442 274
443 274
444 274
445 274
445 274
446 274
446 274
447 274
447 274
447 274
448 274
449 274
450 274
451 274
452 274
453 274
454 274
455 274
456 274
456 274
456 274
456 274
456 274
456 274
456 274
456 274
456 274
456 274
456 274
456 274
456 274
456 274
455 274
455 274
455 274
455 274
455 274
455 274
454 274
454 274
454 274
454 274
454 274
454 274
454 274
454 274
453 274
453 274
453 274
453 274
453 274
453 274
452 274
452 274
452 274
452 274
452 274
452 274
452 274
452 274
452 274
452 274
452 274
452 274
452 274
452 274
452 274
452 274
452 274
452 274
452 274
452 274
452 274
452 274
452 274
452 274
452 274
452 274
452 274
452 274
452 274
452 274
452 274
452 274
452 274
452 274
452 274
452 274
452 274
452 274
452 274
452 274
452 274
452 274
452 274
452 274
452 274
452 274
452 274
452 274
452 274
452 274
452 274
452 274
452 274
452 274
452 274
452 274
452 274
455 271
455 271
455 271
455 271
455 271
455 271
455 271
455 271
455 271
455 271
455 271
455 271
455 271
455 271
455 271
455 272
455 272
455 273
455 273
453 274
451 274
450 275
449 275
448 275
447 275
447 275
447 275
447 275
447 275
447 275
447 275
447 275
447 275
447 275
447 275
447 275
447 275
447 275
447 275
447 274
447 274
447 274
447 274
447 274
447 274
447 274
447 274
447 274
447 274
447 274
447 274
447 274
447 274
447 274
447 274
447 274
447 274
447 274
447 274
447 274
447 274
447 274
447 274
447 274
447 274
447 274
447 274
447 274
447 274
447 274
447 274
447 274
447 274
447 274
447 274
447 274
447 274
447 274
447 274
447 274
447 274
447 274
447 274
447 274
447 274
447 274
447 274
447 274
447 274
447 274
447 274
447 274
447 274
447 274
447 274
447 274
447 274
447 274
447 274
447 274
447 274
447 274
447 274
447 274
447 274
447 274
447 274
447 274
447 274
447 274
447 274
447 274
447 274
447 274
447 274
447 274
447 274
447 274
447 274
447 274
447 274
447 274
447 274
447 274
447 274
447 274
447 274
447 274
447 274
447 274
447 274
447 274
447 274
447 274
447 274
447 275
447 275
447 275
448 276
448 277
448 277
449 277
449 278
450 278
450 279
451 279
451 279
451 279
451 279
451 279
451 279
452 279
452 279
453 280
453 280
453 280
453 280
453 280
454 280
454 280
454 280
454 280
454 280
454 280
454 280
454 280
454 279
454 279
454 279
454 279
449 278
449 278
448 277
446 277
446 277
445 277
445 277
445 277
445 277
445 277
445 277
445 277
445 277
445 277
445 277
445 277
445 277
445 277
445 277
445 277
445 277
445 277
445 277
446 277
450 277
451 278
451 278
451 278
451 278
451 278
451 278
451 278
451 278
451 278
451 278
451 278
452 278
452 278
452 278
453 278
453 278
453 278
454 278
454 278
454 278
455 278
455 278
455 278
455 278
455 278
455 278
455 278
455 278
455 278
455 278
455 278
455 278
455 278
456 278
456 278
456 278
456 278
456 278
456 278
456 278
456 278
456 278
456 278
456 278
456 278
456 278
456 278
456 278
456 278
456 278
456 278
456 278
456 278
456 278
456 278
456 278
456 278
456 278
456 278
456 278
456 278
456 278
456 278
456 278
456 278
456 278
456 278
456 278
456 278
456 278
456 278
456 278
456 278
456 278
456 278
456 278
455 278
455 278
455 278
455 278
455 278
455 278
455 278
454 278
454 278
454 278
454 278
454 278
454 278
454 278
454 278
454 278
454 278
454 278
454 278
454 278
454 278
454 278
454 278
454 278
454 278
454 278
454 278
454 278
454 278
454 278
454 278
454 278
454 278
454 278
454 278
454 278
454 278
454 278
454 278
454 278
454 278
454 278
454 278
454 278
454 278
454 278
454 278
454 278
454 278
454 278
454 278
454 278
454 278
454 278
454 278
454 278
454 278
454 278
454 278
454 278
454 278
454 278
454 278
454 278
454 278
454 278
454 278
454 278
454 278
454 278
454 278
454 278
454 278
454 278
454 278
454 278
454 278
454 278
454 278
454 278
454 278
454 278
454 278
454 278
454 278
454 278
454 278
454 278
454 278
454 278
454 278
454 278
454 278
454 278
454 278
454 278
454 278
454 278
454 278
454 278
453 278
453 278
453 278
453 278
453 278
453 278
453 278
453 278
453 278
453 278
453 278
453 278
453 278
453 278
453 278
453 278
453 278
453 278
453 278
453 278
453 278
453 278
453 278
453 278
453 278
453 278
453 278
453 278
453 278
453 278
453 278
453 278
453 278
453 278
453 278
453 278
453 278
453 278
453 278
453 278
453 278
453 278
453 278
453 278
453 278
453 278
453 278
453 278
453 278
453 278
453 278
453 278
453 278
453 278
453 278
453 278
453 278
453 278
453 278
453 278
453 278
453 278
