298 264
298 264
298 264
298 264
298 264
298 264
298 264
298 264
298 264
298 264
298 264
298 264
298 264
298 264
298 264
298 264
298 264
298 265
298 265
298 266
298 266
298 266
298 266
298 266
298 266
298 266
298 266
298 266
298 265
298 264
298 264
298 264
298 263
298 263
298 263
298 262
298 262
298 262
298 262
298 262
298 262
298 262
298 262
298 262
298 262
298 262
298 262
298 262
298 262
298 262
298 262
298 262
298 262
298 262
298 262
298 262
298 262
298 262
297 262
297 262
296 262
296 262
295 262
295 262
295 262
295 262
295 262
295 262
295 262
295 262
295 262
295 262
295 262
295 262
294 262
294 262
294 262
294 262
293 262
293 262
293 262
293 262
292 262
292 262
292 262
292 262
292 262
292 262
292 262
292 262
292 262
292 262
292 262
292 262
292 262
292 262
292 262
292 262
292 262
292 262
292 262
292 262
292 262
292 262
292 262
291 262
291 263
290 263
290 264
290 264
290 264
289 264
289 264
289 264
289 264
289 264
289 264
289 264
289 264
289 264
289 264
289 264
289 264
289 264
289 264
289 264
289 264
288 264
288 264
287 264
286 264
286 265
286 265
285 265
285 265
285 265
284 265
284 265
284 265
284 265
284 265
284 266
284 266
284 266
284 266
284 266
284 266
284 266
284 266
284 266
284 266
284 266
284 266
284 266
284 266
284 266
284 266
284 266
284 266
284 266
284 266
284 266
284 266
284 266
284 266
284 266
284 266
284 266
284 266
284 266
284 266
284 266
284 266
284 266
284 266
284 266
284 266
284 266
284 266
284 266
284 266
284 266
284 265
284 265
284 265
284 264
284 264
284 264
284 264
284 264
284 264
284 264
284 264
284 264
284 264
284 264
284 265
284 265
284 265
284 265
284 265
284 265
284 265
284 265
284 265
284 265
284 265
284 265
284 265
284 265
284 265
284 265
284 265
284 265
284 265
284 265
284 265
284 265
284 265
284 265
284 265
284 265
284 265
284 265
284 265
284 265
284 265
284 265
284 265
284 265
284 265
284 265
284 265
284 265
284 265
284 265
284 265
284 265
284 265
284 265
284 265
284 265
284 265
284 265
284 265
284 265
284 265
284 265
284 265
284 265
284 265
284 265
284 265
284 265
284 265
284 265
284 265
284 265
284 265
284 265
284 265
284 265
284 265
284 265
284 265
284 265
284 265
284 265
284 265
284 265
284 265
284 265
284 265
284 265
284 265
284 265
284 265
284 265
284 265
284 265
284 265
284 265
284 265
284 265
284 265
284 265
284 265
284 265
284 265
284 265
284 265
284 265
284 265
284 265
284 265
284 265
284 265
284 265
284 265
284 265
284 265
284 265
284 265
284 265
284 265
284 265
284 265
284 265
284 265
284 265
284 265
284 265
284 265
284 265
284 265
284 265
284 265
284 265
284 265
284 265
284 265
284 265
284 265
284 265
284 265
284 265
284 265
284 265
284 265
284 265
284 265
284 265
284 265
284 265
284 265
284 265
284 265
284 265
284 265
284 265
284 265
284 265
284 265
284 265
284 265
284 265
284 265
284 265
284 265
284 265
284 265
284 265
284 265
284 265
284 265
284 265
284 265
284 265
284 265
284 265
284 265
284 265
284 265
284 265
284 265
284 265
284 265
284 265
284 265
284 265
284 265
284 265
284 265
284 265
284 265
284 265
284 265
284 265
284 265
284 265
284 265
284 265
284 265
284 265
284 265
284 265
284 265
284 265
284 265
284 265
284 265
284 265
284 265
284 265
284 265
284 265
284 265
284 265
284 265
284 265
284 265
284 265
284 265
284 265
284 265
284 265
284 265
284 265
284 265
284 265
284 265
284 265
284 265
284 265
284 265
284 265
284 265
288 264
288 264
288 264
288 264
288 264
288 264
288 264
288 264
288 264
288 264
288 264
288 264
288 264
288 264
288 264
288 264
288 264
288 264
288 264
288 264
288 264
288 264
288 264
288 264
288 264
288 264
288 264
288 264
288 264
288 264
288 264
288 264
288 264
288 264
288 264
288 264
285 262
285 260
285 260
285 260
285 260
285 260
285 260
285 260
285 260
285 260
285 260
285 260
285 260
285 260
285 260
285 260
285 260
285 260
285 260
285 260
285 260
285 260
285 260
285 260
285 260
285 260
285 260
285 260
285 260
285 260
285 260
285 260
285 260
285 260
285 260
285 260
285 260
285 260
285 260
285 260
285 260
285 260
285 260
285 260
285 260
285 260
285 260
285 260
285 260
285 260
285 260
285 260
285 260
285 260
285 260
285 260
285 260
285 260
285 260
285 260
285 260
285 260
285 260
285 260
285 260
285 260
285 260
285 260
285 260
285 260
285 260
285 260
285 260
285 260
285 260
285 260
285 260
285 260
285 260
285 260
285 260
285 260
285 260
285 260
285 260
285 260
285 260
285 260
285 260
285 260
285 260
285 260
285 260
285 260
285 260
285 260
285 260
285 260
285 260
285 260
285 260
285 260
285 260
285 260
285 260
285 260
285 260
288 266
288 266
288 266
288 266
288 266
288 266
288 266
288 266
288 266
288 266
288 266
288 266
288 266
288 266
288 266
288 266
288 266
289 266
290 266
290 266
290 265
290 264
290 264
290 264
290 263
290 263
290 263
290 263
290 262
290 262
290 262
290 262
290 262
290 262
290 262
290 262
290 262
290 263
290 263
290 263
290 263
290 263
290 263
290 263
290 263
290 263
290 263
290 263
290 263
290 263
288 263
288 263
287 263
286 263
285 263
285 263
285 263
285 263
284 263
284 263
284 263
284 263
284 263
284 263
284 263
284 263
284 263
284 263
284 263
284 263
284 263
284 263
284 263
283 263
283 263
283 263
283 263
283 263
283 263
283 263
283 263
283 263
283 263
283 263
283 263
283 263
283 263
283 263
283 263
283 263
283 263
283 263
283 263
283 263
283 263
283 263
282 263
282 263
282 263
282 263
282 263
282 263
281 263
281 263
281 263
281 263
281 263
281 263
281 263
281 263
281 263
281 263
281 263
281 263
281 263
281 263
281 263
281 263
281 263
281 263
281 263
281 263
281 263
281 263
281 263
281 263
281 263
281 263
280 263
280 263
280 263
280 263
280 263
280 263
280 263
280 263
280 263
280 263
280 263
280 263
280 263
280 263
280 263
280 263
281 263
282 263
283 263
284 263
285 263
286 263
286 263
286 263
286 263
286 263
286 263
286 263
286 263
286 263
286 262
286 262
286 262
286 262
286 262
286 262
286 262
286 262
286 262
286 262
286 262
286 262
286 262
286 262
286 262
285 262
285 262
285 262
284 262
284 262
284 262
283 262
283 262
282 262
281 262
281 262
281 262
281 263
281 263
280 263
280 263
280 263
280 263
280 263
280 263
279 264
279 264
279 264
279 264
279 265
279 265
279 265
279 265
278 265
278 265
278 265
278 265
278 265
278 265
277 265
277 265
277 265
277 265
276 265
276 265
274 266
273 266
272 266
270 266
269 266
268 266
267 266
267 266
267 266
267 266
267 266
267 266
267 266
267 266
267 266
267 266
267 266
267 266
267 265
267 264
267 264
267 263
267 263
267 263
267 263
267 263
267 263
267 263
267 263
267 263
267 263
267 263
267 263
267 263
267 263
267 263
267 263
266 263
266 263
265 263
265 263
265 263
265 263
264 263
264 263
264 263
264 263
263 263
263 263
262 264
261 264
260 264
258 264
257 264
255 264
254 264
254 264
254 264
254 264
254 264
254 264
254 264
254 264
254 264
254 264
254 264
254 264
254 264
254 264
254 264
254 264
254 264
254 263
254 263
255 262
256 262
257 262
258 262
258 262
258 262
259 262
259 262
259 262
259 262
259 262
259 262
259 262
259 262
259 262
259 262
259 262
259 262
259 262
259 262
261 262
263 262
264 262
265 262
265 262
266 262
266 262
266 262
266 262
266 262
266 262
266 262
266 262
266 262
266 262
267 262
267 262
267 262
267 262
268 262
268 262
268 262
268 262
268 262
268 262
269 262
269 262
270 262
270 262
270 261
270 261
270 261
270 261
270 261
270 261
270 261
270 261
270 261
270 261
271 261
271 261
272 260
272 260
272 260
272 260
272 260
272 260
272 260
272 260
272 260
272 260
272 260
272 260
272 260
272 260
272 260
271 260
270 260
269 260
268 260
268 260
267 260
266 260
266 260
266 260
266 260
266 260
266 260
266 260
266 260
266 260
266 260
266 260
266 260
266 260
266 260
266 260
266 260
266 260
266 260
266 260
266 260
266 260
266 260
266 260
266 260
266 260
266 260
266 260
266 260
266 261
266 261
266 261
266 261
266 261
266 262
266 262
266 262
266 262
266 262
266 263
266 263
266 263
266 263
266 263
266 263
266 263
266 263
266 263
266 263
266 263
266 263
266 263
266 263
266 263
266 263
266 263
266 263
266 263
266 263
266 263
266 263
266 263
266 263
266 263
266 263
266 263
266 263
266 263
266 263
266 263
266 263
266 263
266 263
266 263
266 263
266 263
266 263
266 263
266 263
266 263
266 263
266 263
266 263
266 263
266 263
266 263
266 263
266 263
266 263
266 263
266 263
266 263
266 263
266 263
266 263
266 263
266 263
266 263
266 263
266 263
266 263
266 263
266 264
266 264
266 264
266 264
266 264
266 264
266 264
266 264
266 264
266 264
266 264
266 264
266 264
266 264
266 264
266 264
266 264
266 264
266 264
266 264
266 264
266 264
266 264
266 265
266 265
266 265
266 265
266 265
266 265
266 265
266 265
266 265
266 265
266 265
266 265
266 265
266 265
266 265
266 265
266 265
266 265
266 265
266 265
266 265
266 265
266 265
266 266
266 266
266 266
266 266
266 266
266 266
266 266
266 266
266 266
266 266
266 266
266 266
266 266
266 266
266 266
267 266
267 266
267 266
267 266
268 266
269 266
269 266
270 266
270 266
270 265
270 265
270 265
270 265
270 265
270 265
270 265
270 265
270 265
270 265
270 265
270 265
270 265
270 265
270 265
270 265
270 265
270 265
270 265
270 265
270 265
270 265
270 265
270 265
270 265
270 265
270 265
270 265
270 265
270 265
270 265
272 265
275 266
281 267
285 268
287 268
288 268
288 263
285 260
285 260
285 260
285 260
285 260
285 260
285 262
286 263
287 263
287 263
287 264
288 264
288 264
289 264
290 264
290 264
291 264
291 264
292 264
292 264
292 264
292 264
293 264
293 264
293 264
293 264
293 264
293 264
293 264
293 264
293 264
293 264
293 264
293 263
293 263
291 263
290 263
290 263
290 263
290 263
290 262
290 262
290 262
290 262
290 261
290 261
290 261
290 261
290 261
290 261
290 260
290 260
290 260
290 260
291 260
291 260
291 260
291 260
291 260
291 260
291 260
291 260
291 260
291 260
291 260
291 260
291 260
291 260
291 260
291 261
291 262
291 263
290 264
290 264
289 264
289 265
288 265
288 265
287 265
287 265
286 265
286 265
285 265
285 265
285 265
284 265
284 265
284 265
283 265
283 265
283 265
283 265
283 265
283 263
283 263
283 262
283 262
283 262
283 262
283 262
282 262
282 261
282 261
282 261
281 261
281 261
280 261
280 261
279 261
279 261
279 261
278 261
278 261
278 261
278 261
278 261
278 261
278 261
278 261
278 261
278 261
278 261
278 261
278 261
278 261
278 261
278 261
278 261
278 261
278 261
278 261
278 261
277 261
277 261
277 261
277 261
277 261
277 261
277 261
277 261
277 261
277 261
277 261
278 261
279 261
281 261
281 261
281 261
282 261
283 261
283 261
284 261
284 261
284 261
284 261
284 261
284 261
284 261
284 261
284 261
284 261
284 261
284 261
284 261
284 261
284 261
284 261
284 261
284 261
285 261
286 261
287 261
288 262
289 262
289 262
289 262
289 262
289 262
289 262
289 262
289 262
289 262
290 262
290 263
290 263
291 263
292 264
294 265
295 265
295 265
296 265
296 265
297 265
297 265
297 265
297 265
297 265
297 265
297 265
297 265
302 260
302 263
302 264
302 264
302 264
302 263
302 262
302 262
302 262
302 262
302 262
302 262
302 262
302 262
302 262
302 262
302 262
302 262
302 262
302 262
302 262
302 262
303 262
305 262
306 262
307 262
308 262
309 262
310 262
311 262
311 262
311 262
311 262
311 262
311 262
311 262
312 262
312 262
313 262
314 262
314 262
316 262
316 262
317 262
317 262
317 262
317 262
317 262
317 262
317 262
317 262
317 262
317 262
317 262
313 262
312 262
312 262
312 262
312 261
312 260
312 259
310 258
310 258
310 258
310 258
310 258
310 258
310 258
310 258
310 258
310 258
310 258
310 258
310 258
310 258
310 258
310 258
310 258
310 258
310 258
310 258
310 258
310 258
310 258
310 258
310 258
310 258
310 258
310 258
310 258
310 258
310 258
311 258
313 258
314 258
315 258
316 258
316 258
317 258
317 258
317 259
317 259
317 259
317 259
317 260
317 260
317 260
317 260
317 260
316 261
315 261
315 261
315 261
314 262
314 262
314 262
314 262
314 262
313 262
313 262
313 262
313 262
313 262
313 262
313 262
313 262
313 262
313 262
313 262
313 262
313 262
313 262
313 262
313 262
313 262
313 262
313 262
313 262
313 262
313 262
312 262
312 262
312 262
312 262
312 262
311 262
311 262
311 262
311 262
311 262
311 262
311 262
311 262
311 262
311 262
311 261
311 261
311 261
311 261
311 260
311 259
311 259
311 259
311 258
311 258
311 258
311 258
311 258
311 258
311 258
311 258
311 258
311 258
311 258
311 258
311 258
311 258
311 258
311 258
311 258
311 258
311 258
311 258
311 258
311 258
311 258
311 258
311 258
311 258
311 258
311 258
311 258
311 258
311 258
311 258
311 258
311 258
311 258
311 258
311 258
311 258
311 258
311 258
311 258
311 258
311 258
311 258
311 258
311 258
311 258
311 258
311 259
311 260
309 260
303 262
303 262
303 262
303 262
303 262
302 262
299 262
298 262
298 262
298 262
298 262
298 262
298 262
298 262
298 262
298 262
298 262
298 262
298 262
298 262
298 262
298 262
298 262
298 262
298 262
298 262
298 262
298 262
298 262
298 262
298 262
299 262
300 262
301 262
302 262
303 262
303 261
303 261
303 261
303 261
304 261
304 261
304 261
304 261
304 261
304 261
304 261
304 261
304 261
304 261
304 261
304 261
304 261
304 261
304 261
304 261
304 261
304 261
304 261
304 261
304 261
304 261
304 261
304 261
304 261
304 261
304 261
304 261
304 261
304 261
304 261
304 261
304 261
304 261
304 261
304 261
304 261
304 261
304 261
304 261
304 261
304 261
304 261
304 261
304 261
304 261
304 261
304 261
304 261
304 261
303 261
303 261
303 261
303 261
303 261
303 262
303 262
303 262
303 262
303 262
303 262
303 262
303 262
303 262
303 262
303 262
303 262
303 262
303 263
303 263
303 263
303 263
303 263
303 264
303 264
303 264
303 264
303 264
303 264
303 264
303 264
303 264
303 264
303 264
303 264
303 264
303 264
303 264
303 264
303 264
303 264
303 264
303 264
303 263
303 263
303 263
303 263
303 262
303 262
303 262
303 262
303 262
303 262
303 262
303 262
303 262
303 262
303 262
303 262
303 262
303 262
303 262
303 262
303 262
303 262
303 262
303 262
303 262
303 262
303 262
303 262
303 262
303 262
303 262
303 262
303 262
303 262
303 262
303 262
303 262
303 262
303 262
303 262
303 262
303 262
303 262
303 262
303 262
303 262
303 262
303 262
303 262
303 262
303 262
303 262
303 262
303 262
303 262
303 262
303 262
303 262
303 262
303 262
303 262
303 262
303 262
303 262
303 262
303 262
303 262
303 262
303 262
303 262
303 262
303 262
303 262
303 262
303 262
303 262
303 262
303 262
303 262
303 262
303 262
303 262
303 262
303 262
303 262
303 262
303 262
303 262
303 262
303 262
303 262
303 262
303 262
303 262
303 262
303 262
303 262
303 262
303 262
305 262
306 262
307 262
308 262
309 262
309 262
309 262
311 262
