317 261
320 261
320 261
320 261
320 261
320 261
320 261
320 261
320 261
320 261
320 261
320 261
320 261
321 261
321 261
323 261
325 261
326 261
327 261
336 261
339 262
339 262
339 262
339 262
339 262
339 262
339 262
339 262
340 262
340 262
340 262
341 262
344 262
348 263
352 264
353 264
355 264
356 265
357 265
357 265
357 265
357 265
357 265
357 265
357 265
357 265
357 265
357 265
357 265
357 265
357 265
358 265
359 265
360 265
360 265
361 265
361 265
361 265
361 265
361 265
361 265
361 265
362 265
362 265
362 265
363 265
364 264
365 264
366 264
367 263
368 263
368 263
368 263
368 263
368 262
368 262
368 262
368 262
368 262
368 262
368 262
368 262
368 262
368 262
368 262
368 262
368 262
368 262
368 262
368 262
368 260
368 259
368 259
366 259
364 258
363 257
363 257
362 257
362 257
362 257
362 257
362 257
362 257
362 257
362 257
362 257
362 257
362 257
362 257
362 257
362 257
362 257
362 257
362 257
362 257
362 257
362 257
362 257
362 258
362 258
362 258
362 258
362 258
362 258
362 258
362 258
362 258
362 258
362 258
362 258
362 258
362 258
362 259
362 259
362 260
362 260
362 260
361 261
361 261
361 261
360 261
360 261
360 261
360 261
360 261
360 261
360 261
360 261
360 261
360 261
360 261
360 261
360 261
360 261
360 261
360 261
360 261
360 261
360 261
360 261
361 261
362 261
362 261
362 261
362 261
363 261
363 261
363 261
364 261
364 261
365 261
365 261
366 261
367 261
368 261
369 261
369 261
370 261
370 261
370 261
370 261
370 261
370 261
370 261
370 261
370 261
370 261
371 261
371 261
371 261
371 261
372 261
373 261
374 261
374 261
374 261
374 261
374 261
374 261
374 261
374 261
375 261
375 261
375 261
375 261
375 261
376 261
376 261
377 261
377 261
377 261
378 262
378 262
378 262
378 262
378 262
378 262
378 262
378 262
378 262
378 262
378 262
378 262
378 262
378 262
378 262
378 262
378 262
379 262
379 262
379 262
379 262
379 262
379 262
379 262
379 262
379 262
379 262
379 262
379 262
379 262
379 262
379 262
379 262
379 262
379 262
379 262
379 262
379 262
380 262
380 262
380 262
380 262
380 262
380 262
380 262
380 262
380 262
380 262
380 262
380 262
380 262
380 262
380 262
380 262
380 262
380 262
380 262
380 262
380 262
380 262
380 262
380 262
380 262
380 263
380 265
380 265
378 265
377 265
376 265
376 265
376 265
376 265
376 265
376 265
376 265
376 265
376 265
376 265
376 265
375 264
374 263
373 262
373 261
373 261
373 261
373 261
372 259
372 259
372 259
372 258
371 258
370 258
369 258
369 258
369 258
369 258
369 258
369 258
369 258
369 258
369 258
369 258
369 258
369 258
369 258
369 258
369 259
369 259
369 259
369 259
369 259
369 260
369 260
369 260
369 260
369 260
369 260
369 260
369 260
369 260
369 260
369 260
369 260
369 260
369 260
369 260
369 260
369 260
369 260
369 260
369 260
369 260
369 260
369 260
369 260
369 260
369 260
369 260
369 260
369 260
369 260
369 260
369 260
369 260
369 260
369 260
369 260
369 260
369 260
369 260
369 260
369 260
369 260
369 260
369 260
369 260
369 260
369 260
369 260
369 260
369 260
369 260
369 260
369 260
369 260
369 260
369 260
369 260
370 260
370 260
370 260
370 260
370 260
370 260
370 260
370 260
370 260
370 261
370 261
371 261
371 261
371 261
371 261
371 261
371 261
371 261
371 261
371 261
371 261
371 261
371 261
371 261
371 261
371 261
371 261
371 261
371 261
371 261
371 261
371 261
371 261
371 261
371 261
371 261
371 261
371 261
371 261
371 261
371 261
371 261
371 261
371 261
371 261
371 261
371 261
371 261
371 261
371 261
371 261
371 261
371 261
371 261
371 261
371 261
371 261
371 261
371 261
371 261
371 261
371 261
371 261
371 261
371 261
371 261
371 261
371 261
371 261
371 261
371 261
371 261
371 261
371 261
371 261
371 261
371 261
371 261
371 261
371 261
371 261
371 261
371 261
371 261
371 261
371 261
371 261
371 261
371 261
371 261
371 261
371 261
371 261
371 261
371 261
371 261
371 261
371 261
371 261
371 261
371 261
371 261
371 261
371 261
371 261
371 261
371 261
371 261
371 261
372 261
372 261
372 261
372 261
372 261
373 261
373 261
373 261
374 261
374 261
374 261
374 261
375 261
376 261
378 261
380 261
381 261
382 261
382 261
382 261
382 261
383 261
384 261
384 261
384 261
385 261
385 261
385 261
385 261
385 261
385 261
386 261
386 261
386 261
387 261
387 261
387 261
388 261
389 261
390 261
391 261
391 261
391 261
392 261
392 261
392 261
392 261
392 261
392 261
392 261
392 261
392 261
392 261
392 261
392 261
392 261
392 261
392 261
392 262
392 262
392 263
392 263
392 263
392 264
392 264
391 264
391 264
390 265
389 265
389 265
388 265
388 265
388 265
388 265
388 265
388 265
388 265
388 265
388 265
388 265
388 265
388 265
389 265
389 265
389 265
389 265
390 265
390 264
390 264
390 264
390 264
391 264
391 264
391 263
391 263
391 263
391 263
391 263
391 263
391 263
392 263
392 263
392 263
392 263
392 263
392 263
392 263
392 262
392 262
392 262
392 262
392 262
392 262
392 263
392 263
392 264
392 264
392 264
392 264
392 264
392 264
392 264
392 264
392 264
392 264
392 264
392 264
392 264
392 264
391 264
390 264
390 264
389 264
389 264
389 264
388 264
388 264
388 264
388 264
388 264
388 264
388 264
388 264
388 264
388 264
388 264
388 264
388 264
388 264
388 264
388 264
388 264
388 264
388 264
388 264
389 264
389 264
389 264
389 264
389 264
389 264
389 264
389 264
389 264
389 264
389 264
389 264
389 264
389 264
389 263
389 263
389 263
389 263
389 263
389 263
389 263
389 263
389 263
389 263
389 263
389 263
389 263
389 263
389 263
389 263
389 263
389 263
389 263
389 263
389 263
389 263
389 263
389 263
389 263
389 263
389 263
389 263
389 263
389 263
389 263
389 263
389 263
389 263
389 263
389 263
389 263
389 263
389 263
389 263
389 263
389 263
389 263
389 263
389 263
389 263
389 263
389 263
389 263
389 263
389 263
389 263
389 263
389 263
389 263
389 263
389 263
389 263
389 263
389 263
389 263
389 263
389 263
389 263
389 263
389 263
389 263
389 263
389 263
389 263
389 263
389 263
389 263
389 263
389 263
389 263
389 263
389 263
389 263
389 263
389 263
389 263
389 263
389 263
389 263
389 263
389 263
389 263
389 263
389 263
389 263
389 263
389 263
389 263
389 263
389 263
389 263
389 263
389 263
389 263
389 263
389 263
389 263
389 263
388 263
388 263
388 263
388 263
388 263
388 263
388 263
388 263
388 263
388 263
388 263
388 263
388 263
388 263
388 263
388 263
388 263
388 263
388 263
388 263
388 263
388 263
388 263
388 263
388 263
388 263
388 263
388 263
388 263
388 263
388 263
388 263
388 263
388 263
389 263
389 263
389 263
389 263
390 263
390 263
390 263
390 263
390 263
390 263
390 263
390 263
390 263
390 263
390 263
391 263
391 263
391 263
391 263
391 263
391 263
391 263
391 263
391 262
391 262
391 262
391 262
391 262
391 262
391 262
391 262
391 262
391 262
391 262
391 262
391 262
391 262
391 262
391 262
391 262
391 262
391 262
391 262
391 262
391 262
391 262
391 262
391 262
391 262
391 262
391 262
391 262
391 262
391 262
391 262
391 262
391 262
391 262
391 262
391 262
391 262
391 262
391 262
391 262
391 262
391 262
391 262
391 262
391 262
391 262
391 262
391 262
391 262
391 262
391 262
391 262
391 262
391 262
391 262
391 262
391 262
391 262
391 262
391 262
391 262
391 262
391 262
391 262
391 262
391 263
391 263
390 265
390 265
389 266
389 266
388 266
388 267
387 267
387 267
386 267
386 267
386 267
386 267
386 267
386 265
386 265
386 264
386 264
386 264
386 264
386 264
386 263
386 263
386 263
386 263
386 263
386 263
386 263
386 263
386 263
386 263
386 263
386 263
386 263
386 263
386 263
386 263
386 263
386 263
386 263
386 263
386 263
386 263
386 263
386 263
386 263
386 263
386 263
386 263
386 263
386 263
386 263
386 263
386 263
386 263
386 263
387 263
387 263
387 263
388 263
388 263
388 263
388 263
388 262
389 262
389 262
389 262
389 261
389 261
389 261
389 261
389 261
389 261
389 261
389 261
389 261
389 261
389 261
389 261
389 261
389 261
389 261
389 261
389 261
389 261
389 261
389 261
389 261
389 261
389 261
389 261
389 261
389 261
389 261
389 261
389 261
389 261
389 261
389 261
389 261
389 261
389 261
389 261
389 261
389 261
389 261
389 261
389 261
389 261
389 261
389 261
389 261
389 261
389 261
389 261
389 261
389 261
389 261
389 261
389 261
389 261
389 261
389 261
389 261
389 261
389 261
389 261
389 261
389 261
389 262
389 263
389 264
388 265
388 265
388 265
388 265
388 265
388 265
388 265
388 265
388 265
388 265
388 265
388 265
388 265
388 265
387 265
387 265
387 265
386 265
386 265
386 265
386 265
386 265
386 265
386 265
386 265
386 265
386 265
386 265
386 265
386 265
386 265
386 265
386 265
386 265
386 265
386 265
386 264
386 264
386 264
386 264
386 264
386 264
386 264
386 264
386 264
386 264
386 264
386 264
386 264
386 264
386 264
386 264
386 264
386 264
386 264
386 264
386 264
386 264
386 264
386 264
386 264
386 264
386 264
386 264
386 264
386 264
387 264
387 264
388 264
388 264
388 264
389 264
389 264
389 264
389 264
390 264
390 264
390 264
390 264
390 264
390 264
390 263
390 263
390 262
390 262
390 262
390 262
390 262
390 262
390 262
390 262
390 262
390 261
390 261
390 261
390 261
390 261
390 261
390 261
390 261
390 261
390 261
390 261
390 261
390 261
390 261
390 261
390 261
390 261
390 261
390 261
390 261
390 261
390 261
390 261
390 261
390 261
390 261
390 261
390 261
390 261
390 261
390 261
390 261
390 261
390 261
390 261
390 261
390 261
390 261
390 261
390 261
390 261
390 261
390 261
390 261
390 261
390 261
390 261
390 261
390 261
390 261
390 261
390 261
390 261
390 261
390 261
390 261
390 261
390 261
390 261
390 261
390 261
390 261
390 261
390 261
390 261
390 261
390 261
390 261
390 261
390 261
390 261
390 261
390 261
390 261
390 261
390 261
390 261
390 261
390 261
390 261
390 261
390 261
390 261
390 261
390 261
390 261
390 261
390 261
390 261
390 261
390 261
390 261
390 261
390 261
390 261
390 261
390 261
390 261
390 261
390 261
390 260
390 260
390 260
390 259
390 259
390 259
390 259
390 259
390 259
390 259
390 259
390 259
390 259
389 259
389 259
389 259
389 259
389 259
388 259
388 259
388 259
387 259
387 259
387 259
387 259
387 259
387 259
387 259
387 259
387 259
387 259
387 259
387 259
387 259
387 259
387 259
387 259
387 259
387 259
387 259
387 259
387 259
387 259
387 260
387 260
387 260
387 261
387 261
387 261
387 261
387 261
387 261
387 261
387 261
387 262
387 262
387 262
387 262
387 262
387 262
387 262
387 262
387 262
387 262
387 262
387 262
387 262
387 262
387 262
387 262
387 262
387 262
387 262
387 262
387 262
387 262
387 262
387 262
387 262
387 262
387 262
387 262
387 262
387 262
387 262
387 262
387 262
387 262
387 262
387 262
387 262
387 262
387 262
387 262
387 262
387 262
387 262
388 262
388 262
388 262
389 262
389 262
389 261
389 261
390 261
390 261
391 260
391 260
391 260
391 260
391 260
391 260
391 260
391 260
391 260
391 260
391 260
391 260
391 260
391 260
391 260
391 260
391 260
391 260
391 260
391 260
391 260
391 260
391 260
391 260
391 260
391 260
391 260
391 260
391 260
390 260
390 260
390 260
390 260
390 260
390 260
389 260
388 260
388 260
387 260
386 260
386 260
386 260
386 260
386 261
386 261
386 261
386 261
386 261
386 261
386 261
386 261
386 261
386 261
386 261
386 261
386 261
386 262
385 262
385 263
384 263
384 263
383 264
383 264
383 264
382 264
382 264
382 264
382 264
382 264
381 264
381 264
381 264
380 264
379 264
378 264
378 264
377 264
375 264
374 264
374 264
373 264
372 264
371 264
370 264
369 264
368 264
367 264
367 264
367 264
367 264
366 263
366 263
366 263
366 262
366 262
366 262
366 262
366 262
366 262
366 262
366 262
366 262
366 261
366 261
366 261
366 261
366 261
366 261
366 261
366 261
366 261
366 261
366 261
366 261
366 261
366 261
366 261
366 261
367 261
367 261
367 261
368 261
368 261
368 261
368 261
368 261
368 261
368 261
368 261
368 261
368 261
368 261
368 261
368 261
368 261
368 261
368 261
368 261
368 261
368 262
368 262
368 263
368 263
368 263
368 263
368 263
368 263
368 263
368 263
368 263
368 263
368 263
368 263
368 263
368 263
368 264
368 264
368 264
368 264
368 264
368 264
368 264
368 264
368 264
368 264
368 264
368 264
368 264
368 264
368 264
368 264
368 264
368 264
368 264
368 264
368 264
368 264
368 264
368 264
368 264
368 264
368 264
368 264
368 264
368 264
368 264
368 264
368 264
368 264
368 264
368 264
368 264
368 264
368 264
368 264
368 264
368 264
368 264
368 264
368 264
368 264
368 264
368 264
368 264
368 264
368 264
368 264
368 264
368 264
368 264
368 264
368 264
368 264
368 264
368 264
368 264
368 264
368 264
368 264
368 264
368 264
368 264
368 264
368 264
368 264
368 264
368 264
368 264
368 264
368 264
368 264
368 264
368 264
368 264
368 264
368 264
368 264
368 264
368 264
368 264
368 263
368 263
368 263
368 263
368 263
368 263
368 263
368 263
368 263
368 263
368 263
368 263
368 263
368 263
368 263
368 263
368 263
368 263
368 263
368 263
368 263
368 263
368 263
368 263
368 263
368 263
368 263
368 263
368 263
368 263
368 263
368 263
368 263
368 263
368 263
368 263
368 263
368 263
368 263
368 263
368 263
368 263
368 263
368 263
368 263
368 263
368 263
368 263
368 263
368 263
368 263
368 263
368 263
368 263
368 263
368 263
368 263
368 263
368 263
368 263
368 263
368 263
368 263
368 263
368 263
368 263
368 263
368 263
368 263
368 263
368 263
368 263
368 263
368 263
368 263
368 263
368 263
368 263
368 263
368 263
368 263
368 263
368 263
368 263
368 263
368 263
368 263
368 263
368 263
368 263
368 263
368 263
368 263
368 263
368 263
368 263
368 263
368 263
368 263
368 263
368 263
367 263
367 263
367 263
367 263
367 263
367 263
367 262
366 262
366 262
366 262
366 262
366 262
366 262
366 262
366 262
366 262
366 262
366 262
366 262
366 262
366 262
366 262
366 262
366 262
366 262
366 262
366 262
366 262
366 262
366 262
366 262
366 262
366 262
366 262
366 262
366 262
366 262
366 262
366 262
366 262
366 262
366 262
366 262
366 262
366 262
366 262
366 262
366 262
366 262
366 262
366 262
366 262
366 262
366 262
366 262
366 262
366 262
366 262
366 262
366 262
366 262
366 262
366 262
366 262
366 262
366 262
366 262
366 262
366 262
366 262
366 262
366 262
366 262
366 262
366 262
366 262
366 262
366 262
366 262
366 262
366 262
366 262
366 262
366 262
366 262
366 262
366 262
366 262
366 262
366 262
366 262
366 262
366 262
366 262
366 262
366 262
366 262
366 262
366 262
366 262
366 262
366 262
366 262
366 262
366 262
366 262
366 262
366 262
366 262
366 262
366 262
366 262
366 262
366 262
366 262
366 262
366 262
366 262
366 262
366 262
366 262
366 262
366 262
366 262
366 262
366 262
366 262
366 262
366 262
366 262
366 262
366 262
366 262
366 262
