1094 184
1050 180
1042 179
1012 179
998 178
977 167
976 166
975 171
962 179
947 179
929 179
925 179
925 179
909 179
892 175
870 172
857 171
840 168
825 167
814 166
800 165
784 165
777 164
774 163
756 163
737 164
720 166
704 163
687 159
677 158
677 158
660 158
641 155
616 154
598 154
580 157
566 157
552 154
542 153
527 153
513 154
502 154
490 154
479 154
472 154
465 155
461 156
456 157
452 157
448 158
443 158
437 159
437 159
444 157
447 154
439 154
431 154
424 154
422 151
422 148
422 148
422 148
422 148
424 148
425 148
427 148
429 148
435 147
440 145
441 144
441 144
441 144
441 144
441 144
441 144
441 144
441 141
441 140
441 140
441 140
443 140
447 140
452 140
459 140
466 138
472 137
474 137
474 137
477 137
485 137
490 137
495 137
501 137
510 137
520 137
527 137
529 137
533 138
540 139
549 140
559 140
566 141
572 141
579 139
582 139
582 139
582 137
589 134
595 134
605 135
615 138
620 142
623 144
630 145
638 145
649 145
661 145
664 145
664 145
670 145
682 145
700 147
708 147
713 147
726 149
742 150
755 152
767 154
775 154
789 154
801 154
820 151
829 150
829 150
842 150
858 142
859 142
881 145
888 149
898 155
904 158
932 158
954 158
959 158
977 159
988 163
1009 165
1029 165
1043 165
1053 165
1064 165
1072 166
1089 165
1092 165
1113 173
1125 177
1142 179
1159 179
1169 180
1179 181
1190 181
1194 182
1197 182
1203 184
1204 184
1205 184
1205 184
1211 184
1220 184
1228 186
1233 189
1233 189
1233 189
1232 189
1232 185
1237 182
1242 182
1243 182
1244 182
1244 182
1244 182
1244 182
1244 182
1243 182
1241 182
1240 182
1237 182
1232 182
1225 182
1219 181
1217 180
1217 179
1217 179
1217 178
1217 178
1216 178
1212 178
1202 178
1201 178
1194 175
1194 169
1190 166
1183 166
1173 166
1168 166
1165 166
1151 166
1146 166
1140 166
1135 164
1129 161
1123 159
1118 158
1112 158
1108 158
1104 157
1086 153
1079 151
1079 151
1079 151
1072 151
1070 151
1066 151
1056 151
1048 150
1035 146
1032 145
1030 145
1027 145
1007 147
1006 148
995 148
992 148
983 148
977 147
963 145
958 142
949 141
943 141
938 141
933 141
926 141
914 141
903 141
886 139
882 136
876 135
872 135
865 135
858 135
849 135
841 135
833 134
826 133
820 132
814 132
809 131
805 131
795 131
794 131
787 131
781 131
781 131
779 131
773 131
769 131
767 131
767 131
767 131
767 131
767 131
767 131
754 131
733 128
733 127
733 127
733 127
733 127
733 127
733 128
733 128
733 128
729 128
727 128
718 128
712 129
710 129
710 129
710 129
709 129
703 129
703 129
703 129
703 129
703 129
703 129
703 129
703 129
703 129
698 128
698 125
698 124
698 124
703 124
713 126
720 130
722 132
723 132
731 132
738 132
739 132
739 132
740 132
745 132
749 132
752 132
754 133
756 134
758 134
760 134
771 134
782 135
786 136
790 136
794 136
797 136
797 139
797 139
799 135
806 134
812 134
829 139
833 141
845 144
849 144
851 144
855 143
859 142
859 142
859 142
862 142
870 142
882 142
885 142
892 142
900 142
905 142
910 142
925 141
932 141
940 139
943 139
946 139
946 143
944 143
948 143
960 143
967 143
975 143
979 143
979 143
979 143
986 145
987 145
988 146
994 148
994 148
1000 148
1008 148
1017 151
1021 153
1023 153
1029 154
1033 154
1038 154
1038 154
1041 154
1047 155
1048 156
1048 156
1048 156
1048 158
1047 158
1045 158
1043 158
1043 158
1045 157
1045 157
1045 157
1045 157
1045 157
1045 157
1038 157
1038 156
1035 156
1031 156
1029 156
1029 156
1028 156
1025 156
1016 155
1007 155
1001 155
999 155
994 155
993 157
993 157
993 157
981 157
969 157
961 157
936 175
936 172
936 164
938 160
938 158
937 154
930 148
929 148
925 148
923 148
923 148
918 147
906 143
900 142
894 142
891 142
886 142
880 142
872 142
860 142
850 142
847 143
839 143
825 142
825 141
822 138
811 135
799 135
788 135
781 135
779 135
774 136
767 136
746 136
738 137
738 137
724 137
714 136
709 136
691 134
678 131
678 130
669 130
669 130
666 130
652 132
637 141
625 138
617 135
613 133
601 131
590 131
578 131
575 131
575 131
575 131
527 140
522 138
508 136
493 136
488 136
485 136
476 136
466 136
447 142
435 144
434 144
425 144
412 144
406 143
374 140
363 140
360 141
355 144
351 145
342 148
329 150
316 150
308 151
299 151
285 151
279 151
273 151
270 151
261 152
259 152
259 152
237 154
234 154
233 154
227 154
222 156
216 158
204 161
198 162
195 162
190 162
186 162
185 162
176 162
164 168
157 170
149 172
144 173
139 175
139 175
138 175
127 177
116 182
113 182
112 181
81 180
78 180
76 180
62 184
54 188
53 189
53 189
55 189
56 189
57 189
57 189
57 190
57 197
57 204
39 209
28 212
25 214
25 214
25 214
25 213
27 214
30 219
32 219
33 219
34 219
37 219
39 220
42 225
44 226
49 226
58 227
64 228
69 230
90 235
101 236
103 236
116 237
124 239
124 239
126 240
147 240
184 242
214 244
235 233
277 230
343 234
354 224
371 223
409 223
549 232
628 242
656 242
683 242
714 234
745 229
758 229
785 224
797 221
885 210
934 200
939 198
942 198
963 198
984 210
1015 215
1022 216
1022 216
1023 218
1064 210
1075 204
1077 202
1077 202
1077 202
1077 202
1077 202
1077 202
1077 202
1077 202
1077 202
1077 202
1073 202
1072 202
1071 202
1063 202
1050 189
1050 189
1049 189
1049 189
1049 189
1049 189
1049 189
1047 189
1044 189
1043 189
1041 190
1035 190
940 184
932 185
929 186
929 186
929 186
929 186
929 186
929 186
926 186
836 186
827 184
797 178
768 173
768 173
738 173
719 173
702 171
682 168
650 166
625 165
618 164
604 164
572 166
527 167
520 166
495 158
466 153
450 151
446 154
445 158
435 159
411 164
398 165
394 165
399 154
402 152
382 159
382 159
381 159
381 159
380 159
378 159
378 159
378 159
377 159
376 159
375 159
374 159
359 146
365 148
365 149
366 150
366 150
367 150
368 150
370 150
370 150
377 150
404 142
404 142
404 142
404 142
404 142
404 142
404 142
404 142
404 142
404 142
404 142
405 142
413 141
420 141
423 141
435 141
443 141
446 141
461 141
494 136
486 136
491 136
520 136
524 135
537 133
546 133
556 136
556 137
556 138
572 139
580 139
586 139
588 139
588 139
601 139
605 138
615 137
615 137
635 137
650 137
663 137
663 137
663 137
664 137
683 139
692 140
709 140
711 141
714 142
718 144
719 144
720 144
746 147
754 147
764 147
770 147
770 147
778 147
799 145
806 145
815 145
821 145
829 145
836 147
844 148
862 150
876 151
890 151
900 148
909 147
920 147
934 147
948 149
959 149
960 152
960 152
976 153
1003 153
1028 151
1039 151
1051 151
1063 153
1073 156
1080 158
1091 160
1101 164
1110 165
1116 166
1126 169
1134 171
1137 171
1146 171
1150 171
1154 171
1162 171
1171 174
1176 177
1196 181
1205 181
1208 182
1208 182
1208 182
1215 182
1215 181
1215 181
1215 181
1215 181
1215 181
1215 181
1215 181
1215 181
1216 181
1218 181
1226 181
1230 181
1236 181
1239 180
1243 179
1245 179
1247 178
1247 178
1247 177
1247 177
1247 177
1247 177
1247 177
1247 177
1247 177
1247 177
1246 177
1245 177
1242 177
1240 177
1237 178
1235 178
1232 179
1221 179
1214 179
1163 176
1161 170
1161 168
1157 167
1146 164
1138 161
1138 161
1138 161
1138 161
1135 161
1127 161
1125 161
1122 161
1122 161
1110 158
1096 158
1092 158
1090 159
1087 159
1082 159
1069 159
1067 159
1062 159
1058 159
1056 158
1049 155
1042 154
1030 152
1025 151
1016 149
1016 149
1007 148
994 148
991 148
985 148
972 148
961 147
951 146
947 144
943 143
938 142
923 137
915 137
903 139
888 141
888 142
863 145
850 145
850 145
850 144
850 141
843 137
842 136
842 136
834 136
819 138
810 139
810 139
810 139
803 139
802 139
799 139
791 139
782 137
770 134
770 134
773 134
775 134
777 134
777 134
777 134
777 134
777 134
777 134
777 134
773 134
759 133
759 133
758 133
757 133
756 133
756 133
755 133
755 133
761 133
761 133
761 133
761 133
762 133
762 133
762 133
763 133
764 133
769 133
780 133
780 133
780 133
780 133
780 133
780 133
780 133
797 133
807 131
807 131
807 131
807 131
807 131
807 131
807 131
807 131
813 131
817 131
820 131
861 130
879 131
879 131
879 133
879 133
879 133
879 133
879 133
879 133
879 133
920 143
927 143
950 143
955 143
954 143
960 146
980 151
988 151
995 151
995 151
995 151
1004 151
1007 151
1008 151
1009 151
1020 151
1034 151
1034 151
1034 151
1034 151
1038 151
1040 151
1046 151
1047 151
1058 151
1067 155
1070 160
1070 160
1070 160
1070 160
1070 160
1070 160
1070 160
1070 160
1070 160
1070 160
1070 160
1070 160
1070 160
1070 160
1070 160
1070 160
1070 160
1070 160
1070 160
1070 160
1070 160
1065 160
1064 160
1063 160
1062 160
1037 158
1028 153
1026 153
1024 153
1023 153
1022 152
1017 152
1005 152
999 152
991 152
982 150
975 148
970 148
970 148
955 148
931 148
927 148
927 148
925 148
916 148
905 148
892 148
881 148
865 148
853 146
850 146
833 140
833 140
809 138
795 137
786 137
781 137
774 137
760 138
753 139
748 139
725 139
700 139
695 137
694 136
694 136
683 136
671 135
660 131
649 127
644 126
639 126
625 126
617 127
612 128
600 131
593 133
589 133
581 133
570 131
546 130
539 130
534 130
534 130
519 131
499 132
491 134
486 135
480 136
470 138
459 138
455 138
451 138
440 138
428 138
414 139
407 140
406 140
379 139
369 138
368 136
352 134
342 134
336 135
335 137
332 139
313 149
308 152
307 152
307 153
306 153
286 157
268 158
260 158
248 158
242 158
236 158
235 158
235 158
228 159
208 163
203 163
199 163
180 164
166 168
164 169
164 169
164 169
156 170
150 171
149 171
149 176
147 180
145 182
140 185
128 187
116 187
108 187
105 187
105 187
105 187
105 187
106 187
106 189
106 189
106 190
105 190
104 190
104 191
103 191
103 191
102 191
102 191
101 192
101 192
97 197
95 200
93 205
92 205
92 205
92 205
92 205
92 205
92 205
92 205
94 205
101 205
129 205
241 226
254 226
254 226
268 222
285 220
327 218
333 218
333 218
380 221
412 222
443 222
470 222
497 219
510 218
510 218
548 218
586 217
637 216
679 212
710 206
710 204
726 201
763 191
811 186
845 188
866 190
903 190
935 190
936 190
936 190
954 177
994 179
1004 183
1005 186
1022 191
1036 194
1036 194
1036 194
1036 194
1035 194
1025 189
1018 185
1014 182
1000 177
993 175
987 173
985 172
977 172
961 172
931 166
929 164
914 167
901 170
890 172
887 172
885 173
885 173
884 173
878 173
856 173
853 172
849 172
845 171
842 170
841 169
841 169
840 169
821 169
805 168
792 164
738 158
693 158
651 163
651 163
644 163
607 162
588 159
559 155
522 153
507 152
504 152
498 152
464 152
452 152
436 152
427 152
419 152
399 155
391 156
390 156
390 156
390 156
390 155
390 155
382 154
382 154
378 154
335 153
335 153
335 153
335 153
335 153
335 152
335 151
335 151
336 149
338 148
340 146
344 144
359 140
356 144
356 144
355 144
354 144
354 145
354 145
354 145
354 145
354 145
357 145
360 143
364 143
374 142
417 142
419 142
420 142
424 142
427 143
429 144
432 145
435 145
438 146
441 146
466 145
474 141
474 141
474 141
475 141
475 141
476 141
478 141
480 141
484 141
486 141
494 141
503 141
508 141
513 141
552 141
561 139
564 139
565 139
567 139
569 139
571 139
572 139
574 139
575 139
576 139
576 139
577 139
578 139
581 139
583 140
583 142
585 145
585 146
585 146
637 147
647 145
665 144
690 144
696 146
695 148
753 156
753 156
753 156
753 156
753 156
753 156
754 156
761 156
771 156
776 156
806 155
829 153
839 153
871 151
881 150
977 152
958 158
950 161
1007 155
1008 155
1017 162
1069 167
1084 168
1085 168
1086 168
1087 168
1088 168
1088 168
1089 168
1090 168
1090 168
1090 168
1090 168
1091 168
1111 168
1122 168
1137 168
1155 168
1158 168
1194 169
1198 175
1198 176
1217 177
1220 177
1220 177
1226 177
1241 180
1250 182
1250 182
1250 182
1249 182
1248 182
1247 182
1247 183
1239 183
1236 183
1236 183
1236 183
1236 183
1234 183
1224 181
1223 179
1215 177
1213 177
1213 177
1213 177
1213 177
1213 177
1213 177
1213 177
1213 177
1213 177
1213 177
1213 177
1213 176
1195 176
1188 175
1188 175
1188 175
1188 175
1188 174
1188 174
1188 174
1178 172
1159 167
1158 166
1155 165
1153 165
1152 165
1152 165
1152 165
1152 165
1152 165
1152 165
1152 165
1152 165
1151 165
1146 165
1113 167
1099 162
1071 157
1063 156
1063 156
1056 156
1040 156
1033 154
1033 154
1017 150
1004 148
1001 147
1000 147
1000 147
987 147
974 147
965 147
960 147
957 147
948 146
931 145
916 140
916 140
908 141
896 141
885 141
880 138
878 136
874 136
870 135
865 135
860 135
853 135
835 135
822 136
819 137
818 137
818 137
818 137
818 137
815 137
804 137
797 137
796 137
792 135
786 132
775 128
775 128
765 128
760 128
759 129
759 130
759 131
759 131
759 131
754 131
751 131
749 131
749 131
749 131
745 131
745 131
745 131
745 131
745 131
745 131
745 131
745 131
729 132
716 133
715 133
715 133
715 133
715 133
714 133
714 133
714 133
714 133
713 133
711 134
710 134
709 134
708 134
708 134
708 134
708 134
708 134
708 134
708 134
708 133
711 132
712 131
715 131
717 130
721 130
723 130
731 130
742 130
746 130
748 130
753 130
757 131
762 132
764 133
767 133
768 134
768 134
769 134
774 134
777 135
783 135
786 136
788 136
790 136
794 137
796 137
801 137
804 137
811 137
812 137
818 137
821 137
827 136
834 135
840 133
847 132
857 131
863 130
872 130
883 130
922 134
916 135
915 138
924 146
930 149
930 149
930 146
930 146
930 146
928 142
928 142
928 142
928 142
928 142
928 142
928 142
928 142
927 142
926 143
926 143
925 143
924 143
923 143
923 143
921 143
920 144
919 144
916 144
914 144
910 144
900 146
896 146
892 147
854 144
862 140
862 140
863 140
863 140
863 140
863 140
863 139
863 139
863 139
863 139
863 139
863 139
863 139
863 139
863 139
863 139
863 139
863 139
863 139
863 139
863 139
863 139
863 139
863 139
863 139
863 139
863 139
863 139
863 139
863 139
863 139
863 139
863 139
863 139
863 139
863 139
863 138
864 138
865 138
868 138
870 137
872 137
872 137
873 137
873 137
873 137
873 137
873 137
873 137
873 137
873 137
873 137
873 137
873 137
873 137
873 137
873 137
873 137
873 137
873 137
873 137
873 137
873 137
873 137
873 137
873 137
873 137
873 137
873 137
873 137
873 137
873 137
873 137
873 137
873 137
873 137
873 137
873 137
873 137
873 137
873 137
873 137
873 137
873 137
873 137
873 137
873 137
873 137
873 137
873 137
873 137
873 137
873 137
873 137
873 137
873 137
873 137
873 137
873 137
873 137
873 137
873 137
873 137
873 137
873 137
873 137
873 137
873 137
873 137
873 137
873 137
873 137
873 137
873 137
873 137
873 137
873 137
873 137
873 137
873 137
873 137
873 137
873 137
873 137
873 137
873 137
873 137
873 137
873 137
873 137
873 137
873 137
873 137
873 137
873 137
873 137
873 137
873 137
873 137
873 137
873 137
873 137
873 137
873 137
873 137
873 137
873 137
873 137
873 137
873 137
873 137
873 137
873 137
873 137
873 137
873 137
873 137
873 137
873 137
873 137
873 137
873 137
873 137
873 137
873 137
873 137
873 137
873 137
873 137
873 137
873 137
873 137
873 137
873 137
873 137
873 137
873 137
873 137
873 137
873 137
873 137
873 137
873 137
873 137
873 137
873 137
873 137
873 137
873 137
873 137
873 137
873 137
873 137
873 137
873 137
873 137
873 137
873 137
873 137
873 137
873 137
873 137
873 137
873 137
873 137
873 137
873 137
873 137
873 137
873 137
873 137
873 137
873 137
873 137
873 137
873 137
873 137
873 137
873 137
873 137
873 137
873 137
873 137
873 137
873 137
873 137
873 137
873 137
873 137
873 137
873 137
873 137
873 137
873 137
873 137
873 137
873 137
873 137
873 137
873 137
873 137
873 137
873 137
873 137
873 137
873 137
873 137
873 137
873 137
873 137
873 137
873 137
873 137
873 137
873 137
873 137
873 137
873 137
873 137
873 137
873 137
873 137
873 137
873 137
873 137
873 137
873 137
873 137
873 137
873 137
873 137
873 137
873 137
873 137
873 137
873 137
873 137
873 137
873 137
873 137
873 137
873 137
873 137
873 137
873 137
873 137
873 137
873 137
873 137
873 137
873 137
873 137
873 137
873 137
873 137
873 137
873 137
873 137
873 137
873 137
873 137
873 137
873 137
873 137
873 137
873 137
873 137
873 137
873 137
873 137
873 137
873 137
873 137
873 137
873 137
873 137
873 137
873 137
873 137
873 137
873 137
873 137
873 137
873 137
873 137
873 137
873 137
873 137
873 137
873 137
873 137
873 137
873 137
873 137
873 137
873 137
873 137
873 137
873 137
873 137
873 137
873 137
873 137
873 137
873 137
873 137
873 137
873 137
873 137
873 137
873 137
873 137
873 137
873 137
873 137
873 137
873 137
873 137
873 137
873 137
873 137
873 137
873 137
873 137
873 137
873 137
873 137
873 137
873 137
873 137
873 137
873 137
873 137
873 137
873 137
873 137
873 137
873 137
873 137
873 137
873 137
873 137
873 137
873 137
873 137
873 137
873 137
873 137
873 137
873 137
873 137
873 137
873 137
873 137
873 137
873 137
873 137
873 137
873 137
873 137
873 137
873 137
873 137
873 137
873 137
873 137
873 137
873 137
873 137
873 137
873 137
873 137
873 137
873 137
873 137
873 137
873 137
873 137
873 137
873 137
873 137
873 137
873 137
873 137
873 137
873 137
873 137
873 137
873 137
873 137
873 137
873 137
873 137
873 137
873 137
873 137
873 137
873 137
873 137
873 137
873 137
873 137
873 137
873 137
873 137
873 137
873 137
873 137
873 137
873 137
873 137
873 137
873 137
873 137
873 137
873 137
873 137
873 137
873 137
873 136
872 136
872 136
872 136
872 135
871 135
871 135
871 135
871 135
871 135
871 135
871 135
871 135
871 135
871 135
870 135
870 135
870 135
870 135
870 135
870 135
870 135
869 135
869 135
869 135
869 135
869 135
869 135
869 135
869 135
869 135
869 135
869 135
869 135
869 135
869 135
869 135
869 135
869 135
869 135
869 135
869 135
869 135
869 135
869 135
869 135
869 135
869 135
869 135
869 135
869 135
869 135
869 135
869 135
869 135
869 135
869 135
869 135
869 135
